6 0.2587890625 0.32421875 0.01171875 0.013671875
6 0.52734375 0.3310546875 0.0107421875 0.0126953125
6 0.619140625 0.34375 0.0078125 0.01171875
6 0.7216796875 0.3447265625 0.005859375 0.0126953125
6 0.3779296875 0.3271484375 0.01171875 0.013671875
6 0.3642578125 0.3330078125 0.01171875 0.0166015625
6 0.806640625 0.3310546875 0.0126953125 0.0185546875
6 0.185546875 0.2900390625 0.0400390625 0.07421875
6 0.4599609375 0.3359375 0.009765625 0.0087890625
6 0.8720703125 0.337890625 0.0068359375 0.009765625
6 0.7626953125 0.3466796875 0.0078125 0.0146484375
6 0.4599609375 0.3408203125 0.0087890625 0.017578125
6 0.3505859375 0.3740234375 0.0126953125 0.015625
6 0.880859375 0.3388671875 0.005859375 0.0107421875
6 0.5625 0.3408203125 0.009765625 0.013671875
6 0.25 0.34765625 0.0146484375 0.0185546875
6 0.21484375 0.3486328125 0.0087890625 0.013671875
6 0.2431640625 0.3671875 0.0146484375 0.0224609375
6 0.4443359375 0.3740234375 0.01171875 0.0126953125
6 0.0830078125 0.3134765625 0.0126953125 0.009765625
6 0.2744140625 0.3486328125 0.0146484375 0.0205078125
6 0.51171875 0.373046875 0.0087890625 0.01171875
6 0.8515625 0.365234375 0.0087890625 0.013671875
6 0.2138671875 0.3447265625 0.0068359375 0.0087890625
4 0.8056640625 0.4306640625 0.056640625 0.10546875
4 0.3583984375 0.41015625 0.0625 0.0859375
4 0.455078125 0.4052734375 0.052734375 0.0771484375
4 0.615234375 0.3955078125 0.0361328125 0.060546875
4 0.5224609375 0.4072265625 0.0537109375 0.080078125
4 0.7578125 0.3916015625 0.0283203125 0.05859375
4 0.181640625 0.5625 0.26171875 0.267578125
4 0.5595703125 0.400390625 0.037109375 0.0625
4 0.259765625 0.4111328125 0.0615234375 0.0859375
4 0.71875 0.392578125 0.029296875 0.0537109375
4 0.8466796875 0.3798828125 0.0146484375 0.033203125
4 0.490234375 0.37890625 0.033203125 0.0595703125
4 0.6630859375 0.3828125 0.017578125 0.0302734375
4 0.3974609375 0.380859375 0.0146484375 0.0478515625
4 0.8603515625 0.3955078125 0.0146484375 0.0537109375
4 0.134765625 0.29296875 0.0615234375 0.052734375
4 0.2177734375 0.3759765625 0.0302734375 0.0546875
4 0.8681640625 0.376953125 0.03125 0.0888671875
4 0.478515625 0.384765625 0.017578125 0.0458984375
4 0.369140625 0.3916015625 0.0517578125 0.0654296875