6 0.7099609375 0.3251953125 0.0146484375 0.0224609375
6 0.8134765625 0.3359375 0.01171875 0.017578125
6 0.6005859375 0.3349609375 0.009765625 0.01171875
6 0.3369140625 0.3291015625 0.0107421875 0.01171875
6 0.4462890625 0.3359375 0.0107421875 0.0146484375
6 0.45703125 0.33203125 0.0107421875 0.0126953125
6 0.6611328125 0.345703125 0.0068359375 0.009765625
6 0.865234375 0.3369140625 0.0087890625 0.0107421875
6 0.7578125 0.345703125 0.0068359375 0.0107421875
6 0.533203125 0.341796875 0.0078125 0.0126953125
6 0.43359375 0.373046875 0.0126953125 0.0126953125
6 0.8349609375 0.3515625 0.0068359375 0.01171875
6 0.8232421875 0.3427734375 0.0107421875 0.025390625
6 0.494140625 0.3544921875 0.005859375 0.0107421875
6 0.84375 0.337890625 0.0068359375 0.0107421875
6 0.3212890625 0.37109375 0.0107421875 0.013671875
6 0.8369140625 0.3642578125 0.009765625 0.01171875
6 0.521484375 0.375 0.0107421875 0.009765625
6 0.859375 0.3349609375 0.0068359375 0.01171875
4 0.4423828125 0.4072265625 0.052734375 0.076171875
4 0.70703125 0.4443359375 0.0673828125 0.111328125
4 0.6572265625 0.392578125 0.029296875 0.0576171875
4 0.8212890625 0.4267578125 0.052734375 0.09765625
4 0.5966796875 0.4033203125 0.0458984375 0.0751953125
4 0.529296875 0.4033203125 0.0439453125 0.0693359375
4 0.75390625 0.388671875 0.029296875 0.0556640625
4 0.390625 0.380859375 0.025390625 0.0498046875
4 0.8603515625 0.39453125 0.0185546875 0.0625
4 0.333984375 0.40625 0.060546875 0.0849609375
4 0.4912109375 0.376953125 0.03515625 0.056640625
4 0.4833984375 0.3818359375 0.0263671875 0.0439453125
4 0.0458984375 0.3916015625 0.0537109375 0.0771484375
4 0.8427734375 0.3876953125 0.0205078125 0.0517578125