6 0.583984375 0.3115234375 0.017578125 0.0244140625
6 0.736328125 0.3291015625 0.0126953125 0.0205078125
6 0.65625 0.3359375 0.0087890625 0.009765625
6 0.51171875 0.337890625 0.009765625 0.0126953125
6 0.015625 0.3154296875 0.013671875 0.021484375
6 0.5224609375 0.33203125 0.0087890625 0.0107421875
6 0.748046875 0.3388671875 0.01171875 0.029296875
6 0.4013671875 0.330078125 0.0107421875 0.01171875
6 0.859375 0.333984375 0.0087890625 0.009765625
6 0.6435546875 0.341796875 0.005859375 0.0087890625
6 0.787109375 0.34375 0.005859375 0.009765625
6 0.693359375 0.3447265625 0.005859375 0.009765625
6 0.13671875 0.333984375 0.0068359375 0.009765625
6 0.5615234375 0.3564453125 0.009765625 0.0166015625
6 0.1630859375 0.3486328125 0.0068359375 0.0087890625
6 0.0693359375 0.34765625 0.0087890625 0.0234375
6 0.4990234375 0.37109375 0.009765625 0.0107421875
6 0.5732421875 0.328125 0.0087890625 0.015625
6 0.84765625 0.3447265625 0.0048828125 0.0087890625
6 0.0693359375 0.3408203125 0.005859375 0.009765625
6 0.5556640625 0.3515625 0.0048828125 0.0107421875
6 0.00390625 0.3056640625 0.0078125 0.021484375
4 0.580078125 0.455078125 0.0908203125 0.130859375
4 0.7451171875 0.4326171875 0.0615234375 0.10546875
4 0.5078125 0.40234375 0.0478515625 0.0712890625
4 0.3974609375 0.3984375 0.0556640625 0.087890625
4 0.0224609375 0.419921875 0.044921875 0.09375
4 0.6533203125 0.3994140625 0.0380859375 0.068359375
4 0.7822265625 0.38671875 0.0283203125 0.0498046875
4 0.841796875 0.3876953125 0.0146484375 0.0478515625
4 0.8564453125 0.39453125 0.0205078125 0.0615234375
4 0.6904296875 0.384765625 0.0283203125 0.0615234375
4 0.0615234375 0.400390625 0.0595703125 0.0908203125
4 0.6337890625 0.39453125 0.0185546875 0.0556640625
4 0.8330078125 0.38671875 0.029296875 0.0478515625
4 0.0751953125 0.404296875 0.0322265625 0.080078125
4 0.4833984375 0.3740234375 0.037109375 0.0546875