6 0.4931640625 0.333984375 0.0107421875 0.021484375
6 0.376953125 0.32421875 0.0107421875 0.017578125
6 0.0625 0.306640625 0.0146484375 0.017578125
6 0.0751953125 0.3115234375 0.009765625 0.01171875
6 0.033203125 0.3701171875 0.0146484375 0.021484375
6 0.2197265625 0.3466796875 0.0087890625 0.0107421875
6 0.8359375 0.34765625 0.0048828125 0.0087890625
6 0.2412109375 0.3212890625 0.0126953125 0.0166015625
6 0.849609375 0.349609375 0.005859375 0.0087890625
6 0.1669921875 0.3349609375 0.0048828125 0.0068359375
6 0.8740234375 0.3505859375 0.0048828125 0.0078125
6 0.3935546875 0.365234375 0.0087890625 0.0205078125
6 0.40625 0.345703125 0.0087890625 0.013671875
4 0.056640625 0.4150390625 0.11328125 0.1171875
4 0.2373046875 0.404296875 0.0771484375 0.09765625
4 0.3759765625 0.4013671875 0.0615234375 0.087890625
4 0.16796875 0.3671875 0.015625 0.0380859375
4 0.48828125 0.3974609375 0.0517578125 0.087890625
4 0.197265625 0.3603515625 0.0341796875 0.03125
4 0.845703125 0.3837890625 0.021484375 0.046875
4 0.6064453125 0.384765625 0.01953125 0.04296875
4 0.8310546875 0.3828125 0.015625 0.044921875
4 0.5703125 0.373046875 0.0302734375 0.056640625
4 0.658203125 0.3779296875 0.0322265625 0.03125
4 0.8720703125 0.365234375 0.01171875 0.0380859375
4 0.5849609375 0.3759765625 0.0615234375 0.0615234375
4 0.1162109375 0.3974609375 0.021484375 0.060546875
4 0.7568359375 0.373046875 0.025390625 0.029296875
4 0.1240234375 0.390625 0.0361328125 0.076171875
4 0.3974609375 0.380859375 0.021484375 0.0517578125
4 0.1103515625 0.3916015625 0.04296875 0.07421875