6 0.3603515625 0.3251953125 0.01171875 0.0205078125
6 0.474609375 0.3330078125 0.0107421875 0.021484375
6 0.0419921875 0.3125 0.015625 0.017578125
6 0.22265625 0.322265625 0.0126953125 0.0185546875
6 0.015625 0.3056640625 0.0166015625 0.01953125
6 0.8720703125 0.3505859375 0.005859375 0.0078125
6 0.830078125 0.3486328125 0.005859375 0.0087890625
6 0.1689453125 0.3349609375 0.005859375 0.0087890625
6 0.0751953125 0.349609375 0.009765625 0.021484375
6 0.841796875 0.3466796875 0.0048828125 0.0087890625
6 0.40625 0.345703125 0.0068359375 0.01171875
6 0.4990234375 0.353515625 0.0068359375 0.0146484375
6 0.3466796875 0.369140625 0.01171875 0.013671875
6 0.841796875 0.33984375 0.005859375 0.009765625
6 0.076171875 0.341796875 0.0068359375 0.01171875
4 0.21875 0.4052734375 0.0810546875 0.0966796875
4 0.359375 0.4052734375 0.0634765625 0.0859375
4 0.470703125 0.3994140625 0.0556640625 0.087890625
4 0.169921875 0.3662109375 0.0146484375 0.041015625
4 0.3955078125 0.3779296875 0.025390625 0.0478515625
4 0.033203125 0.4228515625 0.0654296875 0.1005859375
4 0.5703125 0.373046875 0.0302734375 0.056640625
4 0.19140625 0.3603515625 0.021484375 0.03125
4 0.5029296875 0.375 0.0224609375 0.05859375
4 0.6064453125 0.384765625 0.01953125 0.041015625
4 0.6591796875 0.3779296875 0.03125 0.0322265625
4 0.8349609375 0.3837890625 0.0361328125 0.0478515625
4 0.05859375 0.4189453125 0.052734375 0.0947265625
4 0.5849609375 0.3759765625 0.0615234375 0.0615234375
4 0.8251953125 0.3837890625 0.015625 0.04296875
4 0.8701171875 0.3759765625 0.013671875 0.041015625
4 0.08203125 0.396484375 0.03125 0.0986328125
4 0.1240234375 0.3720703125 0.033203125 0.044921875
4 0.048828125 0.3837890625 0.09765625 0.17578125
4 0.7578125 0.3740234375 0.025390625 0.0302734375