6 0.7197265625 0.326171875 0.015625 0.0244140625
6 0.8193359375 0.3349609375 0.01171875 0.0166015625
6 0.330078125 0.328125 0.0107421875 0.015625
6 0.5947265625 0.333984375 0.009765625 0.0126953125
6 0.8662109375 0.3369140625 0.0087890625 0.0107421875
6 0.439453125 0.3359375 0.0107421875 0.013671875
6 0.52734375 0.3388671875 0.0087890625 0.009765625
6 0.6572265625 0.345703125 0.0068359375 0.01171875
6 0.451171875 0.3310546875 0.0107421875 0.013671875
6 0.8056640625 0.3466796875 0.0068359375 0.01171875
6 0.84375 0.3388671875 0.0087890625 0.01171875
6 0.7548828125 0.345703125 0.0068359375 0.0107421875
6 0.8291015625 0.341796875 0.009765625 0.0224609375
6 0.314453125 0.3701171875 0.0107421875 0.013671875
6 0.494140625 0.3544921875 0.005859375 0.01171875
6 0.4267578125 0.3720703125 0.01171875 0.0126953125
6 0.6025390625 0.341796875 0.0068359375 0.009765625
6 0.8291015625 0.3369140625 0.0087890625 0.0126953125
6 0.859375 0.3349609375 0.0078125 0.01171875
6 0.8447265625 0.33203125 0.005859375 0.009765625
6 0.837890625 0.3388671875 0.0078125 0.01171875
4 0.4365234375 0.40625 0.0556640625 0.078125
4 0.716796875 0.4404296875 0.068359375 0.115234375
4 0.328125 0.4072265625 0.0615234375 0.0849609375
4 0.591796875 0.4013671875 0.0478515625 0.078125
4 0.828125 0.423828125 0.0517578125 0.099609375
4 0.5224609375 0.40234375 0.044921875 0.0712890625
4 0.798828125 0.390625 0.0166015625 0.05078125
4 0.390625 0.380859375 0.0244140625 0.0498046875
4 0.7529296875 0.3896484375 0.02734375 0.0517578125
4 0.0458984375 0.3837890625 0.0537109375 0.0615234375
4 0.6552734375 0.392578125 0.0322265625 0.056640625
4 0.490234375 0.3759765625 0.0322265625 0.056640625
4 0.859375 0.39453125 0.0205078125 0.0634765625
4 0.609375 0.4013671875 0.017578125 0.0478515625
4 0.5654296875 0.3740234375 0.02734375 0.0498046875
4 0.1455078125 0.298828125 0.03515625 0.0498046875