6 0.2841796875 0.322265625 0.0126953125 0.017578125
6 0.5341796875 0.3369140625 0.0107421875 0.021484375
6 0.1669921875 0.3134765625 0.0166015625 0.017578125
6 0.4130859375 0.328125 0.0107421875 0.0166015625
6 0.138671875 0.3212890625 0.0146484375 0.01953125
6 0.1162109375 0.3720703125 0.0126953125 0.017578125
6 0.142578125 0.3701171875 0.0166015625 0.0185546875
6 0.8671875 0.349609375 0.0068359375 0.0087890625
6 0.8486328125 0.3486328125 0.0048828125 0.0078125
6 0.1552734375 0.314453125 0.01171875 0.0146484375
6 0.076171875 0.3486328125 0.0087890625 0.0234375
6 0.259765625 0.357421875 0.01171875 0.017578125
6 0.2197265625 0.34375 0.0068359375 0.0087890625
4 0.529296875 0.396484375 0.0458984375 0.08203125
4 0.1572265625 0.4130859375 0.0966796875 0.107421875
4 0.412109375 0.40234375 0.0546875 0.08203125
4 0.1083984375 0.4091796875 0.0517578125 0.107421875
4 0.0380859375 0.3955078125 0.03125 0.08203125
4 0.197265625 0.3603515625 0.03515625 0.03125
4 0.279296875 0.40234375 0.072265625 0.0908203125
4 0.494140625 0.3720703125 0.033203125 0.0517578125
4 0.607421875 0.384765625 0.0185546875 0.0400390625
4 0.837890625 0.3818359375 0.02734375 0.0458984375
4 0.078125 0.3916015625 0.0390625 0.1005859375
4 0.8623046875 0.375 0.01953125 0.0595703125
4 0.5712890625 0.3720703125 0.029296875 0.0556640625
4 0.658203125 0.37890625 0.033203125 0.03125
4 0.8486328125 0.375 0.0478515625 0.0615234375
4 0.259765625 0.3623046875 0.04296875 0.05859375
4 0.84765625 0.380859375 0.0205078125 0.0478515625
4 0.197265625 0.3837890625 0.03515625 0.078125
4 0.396484375 0.3701171875 0.0283203125 0.0556640625