6 0.0478515625 0.2998046875 0.046875 0.056640625
6 0.3798828125 0.330078125 0.01171875 0.0234375
6 0.279296875 0.322265625 0.0107421875 0.021484375
6 0.1279296875 0.3203125 0.0146484375 0.021484375
6 0.078125 0.37890625 0.0205078125 0.0263671875
6 0.8037109375 0.3486328125 0.0087890625 0.0107421875
6 0.17578125 0.3369140625 0.0048828125 0.0087890625
6 0.1044921875 0.3662109375 0.017578125 0.01953125
6 0.220703125 0.34765625 0.0068359375 0.009765625
6 0.146484375 0.361328125 0.0107421875 0.03125
6 0.5 0.3525390625 0.0078125 0.01171875
4 0.0966796875 0.5615234375 0.1923828125 0.296875
4 0.2783203125 0.408203125 0.0732421875 0.0927734375
4 0.802734375 0.3876953125 0.025390625 0.0498046875
4 0.1220703125 0.4111328125 0.0927734375 0.1044921875
4 0.375 0.40234375 0.0634765625 0.1005859375
4 0.1767578125 0.3701171875 0.0146484375 0.0390625
4 0.4912109375 0.3759765625 0.0458984375 0.060546875
4 0.1962890625 0.361328125 0.02734375 0.0322265625
4 0.658203125 0.3798828125 0.0322265625 0.0302734375
4 0.8330078125 0.3798828125 0.017578125 0.0244140625
4 0.6064453125 0.38671875 0.01953125 0.0419921875
4 0.5693359375 0.373046875 0.0302734375 0.0537109375
4 0.5849609375 0.3779296875 0.0615234375 0.05859375
4 0.09375 0.41015625 0.0556640625 0.1044921875
4 0.2587890625 0.3642578125 0.041015625 0.05859375
4 0.080078125 0.384765625 0.02734375 0.044921875
4 0.7568359375 0.3740234375 0.025390625 0.03125