6 0.08984375 0.3193359375 0.0166015625 0.0244140625
6 0.341796875 0.3310546875 0.0126953125 0.0263671875
6 0.248046875 0.3125 0.037109375 0.0478515625
6 0.7919921875 0.349609375 0.0078125 0.0126953125
6 0.1787109375 0.3359375 0.005859375 0.0087890625
6 0.2158203125 0.4013671875 0.0078125 0.029296875
6 0.0654296875 0.365234375 0.0166015625 0.0185546875
4 0.2421875 0.54296875 0.2158203125 0.28515625
4 0.7890625 0.388671875 0.0234375 0.05078125
4 0.337890625 0.404296875 0.0634765625 0.099609375
4 0.0849609375 0.41015625 0.1025390625 0.115234375
4 0.39453125 0.3798828125 0.0244140625 0.048828125
4 0.4912109375 0.3759765625 0.046875 0.060546875
4 0.177734375 0.3720703125 0.015625 0.0400390625
4 0.2548828125 0.419921875 0.09765625 0.076171875
4 0.5693359375 0.3740234375 0.0302734375 0.0556640625
4 0.6064453125 0.38671875 0.01953125 0.0419921875
4 0.6591796875 0.380859375 0.029296875 0.03125
4 0.1982421875 0.3623046875 0.0263671875 0.03125
4 0.0400390625 0.3916015625 0.0341796875 0.072265625
4 0.5849609375 0.3779296875 0.0625 0.05859375
4 0.2138671875 0.421875 0.0146484375 0.0732421875
4 0.1669921875 0.359375 0.009765625 0.0263671875
4 0.1240234375 0.392578125 0.0380859375 0.07421875
4 0.1337890625 0.3935546875 0.01953125 0.072265625