6 0.7021484375 0.3203125 0.021484375 0.03515625
6 0.052734375 0.3154296875 0.0185546875 0.01953125
6 0.4873046875 0.3369140625 0.009765625 0.0146484375
6 0.2626953125 0.3193359375 0.0146484375 0.0166015625
6 0.41015625 0.333984375 0.009765625 0.013671875
6 0.6005859375 0.3388671875 0.0087890625 0.0166015625
6 0.212890625 0.3291015625 0.0107421875 0.0146484375
6 0.029296875 0.369140625 0.0146484375 0.021484375
6 0.5771484375 0.3408203125 0.0087890625 0.0146484375
6 0.2080078125 0.314453125 0.0126953125 0.0166015625
6 0.0966796875 0.287109375 0.0087890625 0.013671875
6 0.19921875 0.33203125 0.0107421875 0.01953125
6 0.0791015625 0.3095703125 0.0166015625 0.0185546875
6 0.740234375 0.3779296875 0.0107421875 0.017578125
6 0.181640625 0.373046875 0.01171875 0.0146484375
6 0.25390625 0.34765625 0.017578125 0.021484375
6 0.5830078125 0.322265625 0.017578125 0.02734375
6 0.1982421875 0.3193359375 0.0107421875 0.015625
6 0.568359375 0.3564453125 0.0107421875 0.015625
6 0.095703125 0.3115234375 0.01171875 0.017578125
6 0.21875 0.34375 0.0068359375 0.009765625
6 0.14453125 0.337890625 0.005859375 0.009765625
6 0.16796875 0.3505859375 0.005859375 0.0107421875
6 0.5791015625 0.3017578125 0.009765625 0.0146484375
6 0.3974609375 0.3740234375 0.0107421875 0.01171875
6 0.421875 0.3515625 0.01171875 0.017578125
6 0.205078125 0.32421875 0.0234375 0.0361328125
6 0.1376953125 0.384765625 0.009765625 0.01953125
4 0.69921875 0.4560546875 0.0947265625 0.185546875
4 0.05078125 0.416015625 0.1015625 0.1171875
4 0.484375 0.3984375 0.0498046875 0.0732421875
4 0.1953125 0.412109375 0.08984375 0.107421875
4 0.2568359375 0.4091796875 0.087890625 0.115234375
4 0.5712890625 0.3974609375 0.041015625 0.078125
4 0.40625 0.4033203125 0.0556640625 0.080078125
4 0.8388671875 0.380859375 0.0302734375 0.03125
4 0.5986328125 0.3955078125 0.0341796875 0.0693359375
4 0.125 0.388671875 0.037109375 0.0849609375
4 0.5830078125 0.3818359375 0.0634765625 0.1064453125