6 0.5400390625 0.3076171875 0.01953125 0.0263671875
6 0.712890625 0.3271484375 0.0126953125 0.021484375
6 0.6708984375 0.3359375 0.0087890625 0.0107421875
6 0.0498046875 0.3154296875 0.0126953125 0.0205078125
6 0.857421875 0.3359375 0.0087890625 0.01171875
6 0.037109375 0.3134765625 0.0146484375 0.0166015625
6 0.4169921875 0.3310546875 0.009765625 0.0126953125
6 0.724609375 0.337890625 0.0126953125 0.029296875
6 0.65234375 0.3427734375 0.0068359375 0.0107421875
6 0.6064453125 0.341796875 0.0068359375 0.0107421875
6 0.794921875 0.3447265625 0.005859375 0.0107421875
6 0.703125 0.3427734375 0.0068359375 0.009765625
6 0.13671875 0.333984375 0.0078125 0.009765625
6 0.494140625 0.353515625 0.0087890625 0.013671875
6 0.5185546875 0.3544921875 0.005859375 0.0126953125
4 0.5361328125 0.453125 0.099609375 0.1513671875
4 0.4140625 0.4033203125 0.0537109375 0.0771484375
4 0.0390625 0.4150390625 0.0771484375 0.1044921875
4 0.7216796875 0.4287109375 0.0654296875 0.123046875
4 0.6015625 0.3984375 0.037109375 0.0615234375
4 0.79296875 0.388671875 0.0224609375 0.046875
4 0.6669921875 0.3984375 0.0341796875 0.0654296875
4 0.6435546875 0.3935546875 0.0185546875 0.0556640625
4 0.8525390625 0.392578125 0.02734375 0.0625
4 0.076171875 0.4072265625 0.0302734375 0.0791015625
4 0.1904296875 0.359375 0.033203125 0.0302734375
4 0.48828125 0.3759765625 0.029296875 0.0576171875
4 0.83203125 0.3798828125 0.0283203125 0.029296875
4 0.6923828125 0.3896484375 0.013671875 0.0546875
4 0.4736328125 0.37109375 0.021484375 0.029296875
4 0.1240234375 0.3701171875 0.0166015625 0.041015625
4 0.75 0.3759765625 0.02734375 0.03125