6 0.306640625 0.32421875 0.01171875 0.015625
6 0.5537109375 0.3369140625 0.009765625 0.017578125
6 0.43359375 0.328125 0.0107421875 0.017578125
6 0.2197265625 0.31640625 0.0126953125 0.0166015625
6 0.150390625 0.37109375 0.013671875 0.0166015625
6 0.1982421875 0.3701171875 0.0146484375 0.0185546875
6 0.1728515625 0.3193359375 0.01171875 0.0146484375
6 0.8740234375 0.3505859375 0.005859375 0.0107421875
6 0.8564453125 0.3486328125 0.0048828125 0.0078125
6 0.291015625 0.3642578125 0.013671875 0.013671875
6 0.076171875 0.3486328125 0.0087890625 0.021484375
6 0.1279296875 0.3466796875 0.0078125 0.013671875
6 0.1474609375 0.3359375 0.005859375 0.009765625
6 0.162109375 0.3349609375 0.005859375 0.0126953125
6 0.1669921875 0.3193359375 0.0078125 0.01171875
6 0.4072265625 0.345703125 0.0087890625 0.0126953125
6 0.4990234375 0.3544921875 0.0068359375 0.015625
4 0.55078125 0.39453125 0.0439453125 0.08203125
4 0.302734375 0.4013671875 0.068359375 0.08984375
4 0.2119140625 0.4111328125 0.0888671875 0.1025390625
4 0.4326171875 0.40234375 0.0537109375 0.080078125
4 0.1484375 0.4091796875 0.0546875 0.1015625
4 0.0791015625 0.39453125 0.0380859375 0.099609375
4 0.3955078125 0.3779296875 0.025390625 0.048828125
4 0.494140625 0.375 0.041015625 0.05859375
4 0.0380859375 0.396484375 0.0322265625 0.0830078125
4 0.8447265625 0.376953125 0.0400390625 0.0380859375
4 0.125 0.3837890625 0.033203125 0.0859375
4 0.4052734375 0.3701171875 0.0439453125 0.064453125
4 0.607421875 0.384765625 0.01953125 0.0400390625
4 0.8544921875 0.3798828125 0.0205078125 0.044921875
4 0.6591796875 0.37890625 0.03125 0.0302734375
4 0.060546875 0.3916015625 0.0751953125 0.1064453125