6 0.484375 0.3095703125 0.0283203125 0.0546875
6 0.427734375 0.3271484375 0.01171875 0.0146484375
6 0.3642578125 0.3359375 0.009765625 0.0205078125
6 0.56640625 0.341796875 0.009765625 0.013671875
6 0.2509765625 0.326171875 0.0146484375 0.017578125
6 0.6962890625 0.341796875 0.0068359375 0.0126953125
6 0.158203125 0.3203125 0.013671875 0.013671875
6 0.7705078125 0.3486328125 0.0068359375 0.0107421875
6 0.673828125 0.33984375 0.005859375 0.009765625
6 0.26953125 0.3212890625 0.013671875 0.0166015625
6 0.2177734375 0.345703125 0.0068359375 0.0087890625
6 0.50390625 0.337890625 0.0068359375 0.0126953125
6 0.236328125 0.37109375 0.0126953125 0.0166015625
6 0.34765625 0.3740234375 0.01171875 0.013671875
6 0.50390625 0.3427734375 0.0087890625 0.0234375
6 0.517578125 0.3857421875 0.0087890625 0.0146484375
6 0.150390625 0.3232421875 0.0107421875 0.0107421875
6 0.7744140625 0.3642578125 0.0068359375 0.0126953125
6 0.8828125 0.337890625 0.0078125 0.013671875
6 0.1376953125 0.341796875 0.005859375 0.0107421875
6 0.693359375 0.359375 0.0078125 0.0126953125
6 0.14453125 0.333984375 0.005859375 0.0107421875
6 0.150390625 0.330078125 0.0126953125 0.0205078125
6 0.7666015625 0.36328125 0.0068359375 0.009765625
6 0.1552734375 0.328125 0.0205078125 0.03125
4 0.48046875 0.4931640625 0.1494140625 0.2353515625
4 0.2470703125 0.4111328125 0.078125 0.0986328125
4 0.3564453125 0.408203125 0.0634765625 0.0849609375
4 0.4208984375 0.4111328125 0.06640625 0.087890625
4 0.69140625 0.39453125 0.0341796875 0.0625
4 0.5634765625 0.3974609375 0.0390625 0.064453125
4 0.837890625 0.3828125 0.0302734375 0.03515625
4 0.1650390625 0.4140625 0.0576171875 0.091796875
4 0.7666015625 0.3896484375 0.02734375 0.0576171875
4 0.669921875 0.390625 0.0283203125 0.064453125
4 0.1943359375 0.3623046875 0.0341796875 0.03125
4 0.60546875 0.3876953125 0.01953125 0.0400390625
4 0.5087890625 0.36328125 0.01953125 0.0439453125
4 0.3935546875 0.3828125 0.0244140625 0.05078125
4 0.111328125 0.34375 0.0166015625 0.0263671875
4 0.4462890625 0.408203125 0.01953125 0.05078125