6 0.373046875 0.330078125 0.01171875 0.0244140625
6 0.2724609375 0.3232421875 0.01171875 0.0244140625
6 0.1201171875 0.3193359375 0.015625 0.01953125
6 0.8017578125 0.3505859375 0.0068359375 0.01171875
6 0.0908203125 0.3037109375 0.041015625 0.0576171875
6 0.1748046875 0.3369140625 0.0048828125 0.0087890625
6 0.220703125 0.34765625 0.0068359375 0.009765625
6 0.390625 0.3701171875 0.013671875 0.0263671875
6 0.146484375 0.3388671875 0.005859375 0.009765625
6 0.4990234375 0.3515625 0.0068359375 0.01171875
4 0.271484375 0.4091796875 0.07421875 0.09375
4 0.3681640625 0.4033203125 0.06640625 0.1005859375
4 0.7998046875 0.388671875 0.0234375 0.048828125
4 0.1142578125 0.5673828125 0.228515625 0.326171875
4 0.17578125 0.37109375 0.015625 0.0400390625
4 0.4912109375 0.3759765625 0.0458984375 0.060546875
4 0.6064453125 0.38671875 0.01953125 0.0419921875
4 0.0380859375 0.3994140625 0.0322265625 0.080078125
4 0.5693359375 0.3740234375 0.029296875 0.0556640625
4 0.6591796875 0.380859375 0.0302734375 0.03125
4 0.1669921875 0.357421875 0.0087890625 0.025390625
4 0.1962890625 0.3623046875 0.02734375 0.03125
4 0.1337890625 0.4033203125 0.0556640625 0.08984375
4 0.1435546875 0.392578125 0.03515625 0.0380859375
4 0.8310546875 0.37890625 0.0146484375 0.0234375
4 0.5849609375 0.376953125 0.0615234375 0.060546875
4 0.392578125 0.380859375 0.0244140625 0.0498046875