6 0.5966796875 0.3134765625 0.0185546875 0.0263671875
6 0.65234375 0.3359375 0.009765625 0.0107421875
6 0.5166015625 0.33203125 0.0087890625 0.0107421875
6 0.505859375 0.3388671875 0.009765625 0.0146484375
6 0.7431640625 0.328125 0.01171875 0.017578125
6 0.859375 0.333984375 0.0087890625 0.0107421875
6 0.7841796875 0.345703125 0.0068359375 0.0107421875
6 0.7548828125 0.3388671875 0.0126953125 0.029296875
6 0.6904296875 0.3447265625 0.005859375 0.009765625
6 0.3955078125 0.3291015625 0.01171875 0.01171875
6 0.13671875 0.333984375 0.0078125 0.009765625
6 0.6396484375 0.3408203125 0.005859375 0.0087890625
6 0.8447265625 0.345703125 0.0048828125 0.0087890625
6 0.0693359375 0.3486328125 0.0087890625 0.0234375
6 0.1630859375 0.3486328125 0.0068359375 0.009765625
6 0.5634765625 0.3564453125 0.0107421875 0.0146484375
6 0.8447265625 0.3408203125 0.005859375 0.0087890625
6 0.8603515625 0.33984375 0.0068359375 0.01171875
6 0.470703125 0.3623046875 0.0048828125 0.0087890625
6 0.576171875 0.3642578125 0.0078125 0.0107421875
6 0.5556640625 0.3525390625 0.0048828125 0.009765625
6 0.005859375 0.3134765625 0.01171875 0.0361328125
6 0.0693359375 0.341796875 0.0068359375 0.01171875
4 0.5947265625 0.4501953125 0.08984375 0.1376953125
4 0.501953125 0.4033203125 0.0478515625 0.0712890625
4 0.751953125 0.43359375 0.0595703125 0.1025390625
4 0.6884765625 0.3896484375 0.0283203125 0.0546875
4 0.6455078125 0.3994140625 0.0419921875 0.0673828125
4 0.8564453125 0.3935546875 0.021484375 0.0625
4 0.783203125 0.3876953125 0.0224609375 0.0458984375
4 0.017578125 0.427734375 0.03515625 0.083984375
4 0.8388671875 0.38671875 0.0166015625 0.0478515625
4 0.3916015625 0.404296875 0.0556640625 0.078125
4 0.0732421875 0.4033203125 0.03515625 0.08203125
4 0.03125 0.3955078125 0.0283203125 0.08203125
4 0.564453125 0.3720703125 0.02734375 0.05078125
4 0.826171875 0.3876953125 0.0166015625 0.0400390625
4 0.0546875 0.3994140625 0.0732421875 0.091796875
4 0.474609375 0.3779296875 0.0234375 0.0419921875
4 0.1240234375 0.37109375 0.0166015625 0.0419921875
4 0.634765625 0.400390625 0.021484375 0.0625