6 0.43359375 0.3056640625 0.029296875 0.0537109375
6 0.873046875 0.3359375 0.0107421875 0.017578125
6 0.181640625 0.3212890625 0.013671875 0.013671875
6 0.27734375 0.3291015625 0.013671875 0.0205078125
6 0.294921875 0.32421875 0.013671875 0.0205078125
6 0.578125 0.341796875 0.0087890625 0.01171875
6 0.3857421875 0.3330078125 0.009765625 0.0146484375
6 0.451171875 0.328125 0.01171875 0.015625
6 0.5166015625 0.33984375 0.0087890625 0.013671875
6 0.7109375 0.3427734375 0.0068359375 0.013671875
6 0.7783203125 0.3466796875 0.0068359375 0.0107421875
6 0.6845703125 0.341796875 0.0068359375 0.0107421875
6 0.2607421875 0.3701171875 0.0126953125 0.01953125
6 0.7802734375 0.3642578125 0.0087890625 0.0146484375
6 0.775390625 0.359375 0.0068359375 0.0107421875
6 0.216796875 0.3447265625 0.0068359375 0.0087890625
6 0.4033203125 0.3486328125 0.0068359375 0.013671875
6 0.5654296875 0.35546875 0.009765625 0.0126953125
6 0.8818359375 0.337890625 0.0068359375 0.013671875
6 0.369140625 0.3740234375 0.0107421875 0.0126953125
6 0.1669921875 0.3525390625 0.0087890625 0.0126953125
6 0.70703125 0.3603515625 0.0087890625 0.0126953125
6 0.134765625 0.3408203125 0.0048828125 0.0078125
6 0.853515625 0.3642578125 0.0078125 0.01171875
6 0.7666015625 0.365234375 0.005859375 0.01171875
6 0.4970703125 0.353515625 0.005859375 0.0107421875
6 0.25 0.3466796875 0.009765625 0.0146484375
4 0.4306640625 0.517578125 0.166015625 0.2138671875
4 0.2724609375 0.412109375 0.07421875 0.0908203125
4 0.3759765625 0.40625 0.056640625 0.0859375
4 0.7744140625 0.388671875 0.0283203125 0.0576171875
4 0.576171875 0.39453125 0.0400390625 0.068359375
4 0.1865234375 0.408203125 0.060546875 0.1005859375
4 0.5126953125 0.400390625 0.04296875 0.0693359375
4 0.7041015625 0.3935546875 0.03515625 0.0615234375
4 0.6826171875 0.3896484375 0.033203125 0.064453125
4 0.8388671875 0.3818359375 0.0322265625 0.041015625
4 0.8564453125 0.4296875 0.0166015625 0.080078125
4 0.48828125 0.3759765625 0.0361328125 0.0576171875
4 0.71484375 0.3984375 0.0146484375 0.048828125
4 0.255859375 0.365234375 0.0380859375 0.0576171875
4 0.6044921875 0.38671875 0.021484375 0.0390625
4 0.470703125 0.3818359375 0.0341796875 0.044921875
4 0.203125 0.3623046875 0.0185546875 0.029296875
4 0.6943359375 0.380859375 0.056640625 0.0888671875
4 0.4716796875 0.400390625 0.0302734375 0.056640625