6 0.833984375 0.3330078125 0.0126953125 0.017578125
6 0.291015625 0.296875 0.03515625 0.06640625
6 0.349609375 0.3271484375 0.0126953125 0.015625
6 0.2314453125 0.3232421875 0.013671875 0.015625
6 0.333984375 0.3310546875 0.0126953125 0.0146484375
6 0.5009765625 0.3310546875 0.0107421875 0.013671875
6 0.5458984375 0.33984375 0.0078125 0.01171875
6 0.6044921875 0.34375 0.0068359375 0.0107421875
6 0.796875 0.3486328125 0.0068359375 0.009765625
6 0.875 0.3369140625 0.0078125 0.0087890625
6 0.708984375 0.34375 0.0068359375 0.0107421875
6 0.7451171875 0.34375 0.0068359375 0.0107421875
6 0.43359375 0.3349609375 0.0078125 0.009765625
6 0.0419921875 0.3125 0.013671875 0.0107421875
6 0.2138671875 0.369140625 0.013671875 0.0166015625
6 0.419921875 0.3740234375 0.0126953125 0.0126953125
6 0.21484375 0.3466796875 0.0068359375 0.0087890625
6 0.8173828125 0.4013671875 0.0107421875 0.0146484375
6 0.8720703125 0.35546875 0.0107421875 0.0166015625
6 0.798828125 0.3642578125 0.0068359375 0.01171875
6 0.25 0.3486328125 0.009765625 0.013671875
6 0.7939453125 0.365234375 0.0087890625 0.0107421875
6 0.5361328125 0.3740234375 0.009765625 0.0087890625
6 0.73828125 0.3720703125 0.009765625 0.0087890625
6 0.5654296875 0.35546875 0.0087890625 0.009765625
6 0.78515625 0.365234375 0.0048828125 0.0087890625
6 0.8603515625 0.3330078125 0.005859375 0.009765625
6 0.8447265625 0.384765625 0.0068359375 0.0087890625
4 0.287109375 0.533203125 0.216796875 0.2685546875
4 0.830078125 0.431640625 0.0498046875 0.091796875
4 0.5419921875 0.400390625 0.041015625 0.0654296875
4 0.7060546875 0.392578125 0.0283203125 0.05859375
4 0.6015625 0.3974609375 0.03515625 0.0595703125
4 0.494140625 0.4072265625 0.0556640625 0.0849609375
4 0.7939453125 0.388671875 0.0244140625 0.056640625
4 0.7412109375 0.3935546875 0.029296875 0.0576171875
4 0.4287109375 0.40625 0.056640625 0.0791015625
4 0.392578125 0.3818359375 0.0224609375 0.0498046875
4 0.3388671875 0.4033203125 0.05078125 0.0771484375
4 0.23046875 0.4072265625 0.0517578125 0.083984375
4 0.8681640625 0.3857421875 0.0224609375 0.0634765625
4 0.658203125 0.3828125 0.029296875 0.0302734375
4 0.25390625 0.359375 0.01953125 0.0439453125
4 0.2412109375 0.4189453125 0.029296875 0.0673828125
4 0.861328125 0.39453125 0.009765625 0.046875
4 0.1513671875 0.294921875 0.091796875 0.060546875