6 0.2783203125 0.3251953125 0.0107421875 0.013671875
6 0.7861328125 0.330078125 0.0126953125 0.01953125
6 0.6298828125 0.3447265625 0.0068359375 0.0107421875
6 0.3984375 0.3291015625 0.01171875 0.01171875
6 0.546875 0.33203125 0.0107421875 0.01171875
6 0.0908203125 0.2783203125 0.0439453125 0.072265625
6 0.4794921875 0.337890625 0.0078125 0.009765625
6 0.8662109375 0.33984375 0.0107421875 0.015625
6 0.732421875 0.345703125 0.0068359375 0.01171875
6 0.5732421875 0.345703125 0.0068359375 0.009765625
6 0.814453125 0.3505859375 0.0068359375 0.009765625
6 0.1201171875 0.376953125 0.013671875 0.02734375
6 0.8173828125 0.3642578125 0.005859375 0.01171875
6 0.3720703125 0.3740234375 0.01171875 0.01171875
6 0.4638671875 0.375 0.0107421875 0.0107421875
6 0.7666015625 0.375 0.009765625 0.013671875
6 0.5654296875 0.3544921875 0.0087890625 0.0107421875
6 0.8623046875 0.3359375 0.005859375 0.009765625
6 0.3857421875 0.3330078125 0.01171875 0.0126953125
4 0.119140625 0.5419921875 0.23828125 0.357421875
4 0.3818359375 0.408203125 0.0625 0.0849609375
4 0.783203125 0.4287109375 0.05859375 0.1162109375
4 0.474609375 0.4052734375 0.0498046875 0.0751953125
4 0.5419921875 0.4052734375 0.0498046875 0.080078125
4 0.6259765625 0.396484375 0.033203125 0.056640625
4 0.2763671875 0.408203125 0.0673828125 0.0908203125
4 0.8466796875 0.3798828125 0.0126953125 0.0302734375
4 0.7294921875 0.388671875 0.0283203125 0.0625
4 0.5712890625 0.400390625 0.033203125 0.0625
4 0.8134765625 0.3896484375 0.017578125 0.0478515625
4 0.6044921875 0.388671875 0.017578125 0.0390625
4 0.6630859375 0.3828125 0.017578125 0.0302734375
4 0.138671875 0.29296875 0.052734375 0.05078125
4 0.857421875 0.4326171875 0.0126953125 0.0732421875
4 0.025390625 0.419921875 0.05078125 0.1015625
4 0.8271484375 0.388671875 0.0146484375 0.033203125
4 0.0888671875 0.4169921875 0.11328125 0.11328125