6 0.8271484375 0.3310546875 0.017578125 0.0341796875
6 0.517578125 0.333984375 0.009765625 0.015625
6 0.416015625 0.3271484375 0.01171875 0.0146484375
6 0.0615234375 0.30859375 0.0185546875 0.0205078125
6 0.634765625 0.3408203125 0.0087890625 0.0166015625
6 0.296875 0.330078125 0.0107421875 0.017578125
6 0.154296875 0.337890625 0.005859375 0.0087890625
6 0.396484375 0.3310546875 0.009765625 0.0146484375
6 0.1259765625 0.3447265625 0.005859375 0.0107421875
6 0.2197265625 0.3427734375 0.0068359375 0.0087890625
6 0.3818359375 0.365234375 0.013671875 0.013671875
6 0.28125 0.3720703125 0.01171875 0.0146484375
4 0.056640625 0.41796875 0.1123046875 0.1298828125
4 0.2919921875 0.40625 0.0673828125 0.0888671875
4 0.8232421875 0.4423828125 0.068359375 0.14453125
4 0.5146484375 0.400390625 0.04296875 0.072265625
4 0.4091796875 0.4072265625 0.0625 0.0830078125
4 0.630859375 0.3935546875 0.037109375 0.072265625
4 0.1552734375 0.3662109375 0.01171875 0.03125
4 0.607421875 0.38671875 0.01953125 0.0419921875
4 0.380859375 0.3994140625 0.03515625 0.08203125
4 0.4892578125 0.3759765625 0.0419921875 0.0595703125
4 0.6689453125 0.3818359375 0.0126953125 0.0283203125
4 0.1962890625 0.361328125 0.03125 0.0322265625