6 0.30078125 0.32421875 0.01171875 0.015625
6 0.548828125 0.3369140625 0.0107421875 0.017578125
6 0.2080078125 0.3154296875 0.0146484375 0.017578125
6 0.1650390625 0.3212890625 0.0126953125 0.017578125
6 0.4287109375 0.3291015625 0.0107421875 0.017578125
6 0.1845703125 0.37109375 0.015625 0.01953125
6 0.1435546875 0.3720703125 0.0146484375 0.0185546875
6 0.076171875 0.349609375 0.0087890625 0.021484375
6 0.8544921875 0.349609375 0.0048828125 0.0078125
6 0.146484375 0.3359375 0.005859375 0.0107421875
6 0.4072265625 0.345703125 0.0087890625 0.013671875
6 0.873046875 0.3505859375 0.0068359375 0.0107421875
6 0.2841796875 0.3642578125 0.013671875 0.0146484375
6 0.4990234375 0.353515625 0.0068359375 0.0146484375
6 0.5380859375 0.3671875 0.0107421875 0.0126953125
6 0.14453125 0.3515625 0.0107421875 0.0166015625
4 0.544921875 0.396484375 0.0439453125 0.0810546875
4 0.296875 0.4013671875 0.0693359375 0.091796875
4 0.19921875 0.4111328125 0.08984375 0.103515625
4 0.427734375 0.4033203125 0.052734375 0.078125
4 0.140625 0.41015625 0.0576171875 0.1025390625
4 0.494140625 0.375 0.041015625 0.0576171875
4 0.0791015625 0.3955078125 0.0380859375 0.099609375
4 0.0380859375 0.3955078125 0.0322265625 0.08203125
4 0.8681640625 0.375 0.0166015625 0.060546875
4 0.3955078125 0.37890625 0.0244140625 0.0498046875
4 0.123046875 0.3681640625 0.033203125 0.0546875
4 0.404296875 0.37109375 0.041015625 0.064453125
4 0.607421875 0.384765625 0.0185546875 0.0400390625
4 0.8505859375 0.375 0.0517578125 0.0595703125
4 0.8427734375 0.3779296875 0.037109375 0.03515625
4 0.6591796875 0.37890625 0.03125 0.0302734375
4 0.8349609375 0.3798828125 0.021484375 0.0263671875
4 0.060546875 0.392578125 0.0751953125 0.1064453125
4 0.8525390625 0.3818359375 0.0185546875 0.0458984375