6 0.775390625 0.328125 0.0185546875 0.0361328125
6 0.1640625 0.314453125 0.015625 0.01953125
6 0.6728515625 0.34375 0.0087890625 0.015625
6 0.5 0.333984375 0.009765625 0.015625
6 0.44140625 0.3359375 0.0107421875 0.015625
6 0.3544921875 0.33203125 0.01171875 0.017578125
6 0.55859375 0.333984375 0.0087890625 0.0126953125
6 0.0986328125 0.3173828125 0.0146484375 0.0146484375
6 0.1484375 0.3388671875 0.0087890625 0.01171875
6 0.0751953125 0.373046875 0.0166015625 0.017578125
6 0.8076171875 0.3779296875 0.0107421875 0.017578125
6 0.21875 0.3447265625 0.0068359375 0.0087890625
6 0.337890625 0.3740234375 0.009765625 0.013671875
4 0.349609375 0.40625 0.060546875 0.08203125
4 0.5556640625 0.3935546875 0.0400390625 0.080078125
4 0.4375 0.4013671875 0.0517578125 0.076171875
4 0.0888671875 0.4140625 0.0966796875 0.119140625
4 0.1572265625 0.4140625 0.099609375 0.119140625
4 0.6689453125 0.3916015625 0.0341796875 0.0703125
4 0.7724609375 0.44921875 0.0810546875 0.1611328125
4 0.4931640625 0.4013671875 0.05078125 0.0810546875
4 0.8388671875 0.380859375 0.0302734375 0.0302734375
4 0.3935546875 0.380859375 0.0244140625 0.0478515625
4 0.607421875 0.3876953125 0.01953125 0.0419921875
4 0.0439453125 0.396484375 0.0439453125 0.0830078125
4 0.1962890625 0.36328125 0.0322265625 0.03125