6 0.7177734375 0.3251953125 0.0205078125 0.041015625
6 0.478515625 0.3369140625 0.0107421875 0.015625
6 0.0556640625 0.3095703125 0.017578125 0.0224609375
6 0.02734375 0.3154296875 0.0205078125 0.021484375
6 0.244140625 0.3193359375 0.0146484375 0.017578125
6 0.564453125 0.3359375 0.0107421875 0.0146484375
6 0.4013671875 0.3359375 0.01171875 0.021484375
6 0.5927734375 0.33984375 0.0107421875 0.0166015625
6 0.162109375 0.3740234375 0.0126953125 0.017578125
6 0.14453125 0.3388671875 0.0068359375 0.009765625
6 0.18359375 0.3330078125 0.009765625 0.015625
6 0.7021484375 0.3427734375 0.0087890625 0.013671875
6 0.095703125 0.3115234375 0.01171875 0.017578125
6 0.181640625 0.322265625 0.0146484375 0.013671875
6 0.2177734375 0.3447265625 0.0068359375 0.0087890625
4 0.7158203125 0.455078125 0.0927734375 0.1787109375
4 0.0390625 0.412109375 0.078125 0.123046875
4 0.474609375 0.3994140625 0.048828125 0.0732421875
4 0.3955078125 0.4052734375 0.0556640625 0.0791015625
4 0.1748046875 0.4111328125 0.08984375 0.1103515625
4 0.556640625 0.3984375 0.041015625 0.080078125
4 0.2373046875 0.4150390625 0.091796875 0.109375
4 0.5908203125 0.3974609375 0.048828125 0.068359375
4 0.8388671875 0.380859375 0.0302734375 0.03125
4 0.1259765625 0.38671875 0.037109375 0.0849609375
4 0.0830078125 0.4091796875 0.0263671875 0.0791015625
4 0.4990234375 0.3779296875 0.0283203125 0.056640625