6 0.81640625 0.3291015625 0.017578125 0.033203125
6 0.435546875 0.328125 0.0107421875 0.017578125
6 0.6435546875 0.3408203125 0.0087890625 0.015625
6 0.5263671875 0.3330078125 0.009765625 0.0166015625
6 0.4072265625 0.3310546875 0.0107421875 0.015625
6 0.0849609375 0.30859375 0.017578125 0.0185546875
6 0.0205078125 0.3125 0.01171875 0.0146484375
6 0.3095703125 0.3271484375 0.009765625 0.0146484375
6 0.1533203125 0.337890625 0.005859375 0.0087890625
6 0.294921875 0.3720703125 0.0126953125 0.0146484375
6 0.2197265625 0.34375 0.0068359375 0.0087890625
6 0.0205078125 0.3203125 0.0146484375 0.02734375
6 0.1259765625 0.345703125 0.0048828125 0.0087890625
4 0.3046875 0.4052734375 0.06640625 0.0869140625
4 0.076171875 0.416015625 0.1142578125 0.12890625
4 0.8115234375 0.4501953125 0.068359375 0.1337890625
4 0.6396484375 0.392578125 0.0361328125 0.0703125
4 0.5244140625 0.3994140625 0.0419921875 0.0712890625
4 0.4287109375 0.40625 0.060546875 0.080078125
4 0.39453125 0.3994140625 0.0400390625 0.080078125
4 0.49609375 0.375 0.0322265625 0.05859375
4 0.845703125 0.380859375 0.0185546875 0.03125
4 0.607421875 0.3857421875 0.01953125 0.041015625
4 0.02734375 0.4130859375 0.0537109375 0.099609375
4 0.154296875 0.3662109375 0.009765625 0.03125
4 0.1962890625 0.361328125 0.0302734375 0.03125
4 0.6650390625 0.380859375 0.017578125 0.03125
4 0.1396484375 0.3662109375 0.0361328125 0.0341796875
4 0.478515625 0.373046875 0.021484375 0.0302734375