6 0.3212890625 0.3251953125 0.0107421875 0.021484375
6 0.4287109375 0.3330078125 0.0107421875 0.0224609375
6 0.17578125 0.3203125 0.013671875 0.01953125
6 0.81640625 0.3486328125 0.005859375 0.0107421875
6 0.0751953125 0.3505859375 0.009765625 0.021484375
6 0.4052734375 0.3486328125 0.0087890625 0.0146484375
6 0.306640625 0.3701171875 0.0126953125 0.0166015625
6 0.1552734375 0.365234375 0.015625 0.0185546875
6 0.2197265625 0.34765625 0.0068359375 0.0087890625
6 0.8251953125 0.349609375 0.0068359375 0.0087890625
6 0.1455078125 0.337890625 0.005859375 0.0087890625
6 0.498046875 0.35546875 0.0068359375 0.015625
4 0.3203125 0.4072265625 0.0703125 0.091796875
4 0.171875 0.408203125 0.087890625 0.1025390625
4 0.818359375 0.3857421875 0.0283203125 0.0498046875
4 0.423828125 0.40234375 0.0576171875 0.0908203125
4 0.490234375 0.376953125 0.046875 0.0595703125
4 0.3935546875 0.3798828125 0.021484375 0.048828125
4 0.568359375 0.3740234375 0.03125 0.0576171875
4 0.0791015625 0.4052734375 0.0341796875 0.08203125
4 0.658203125 0.380859375 0.03125 0.03125
4 0.0361328125 0.3984375 0.03125 0.0810546875
4 0.8671875 0.376953125 0.0322265625 0.0673828125
4 0.583984375 0.376953125 0.0615234375 0.0625
4 0.1259765625 0.390625 0.033203125 0.078125
4 0.201171875 0.3603515625 0.0263671875 0.0302734375
4 0.8564453125 0.37109375 0.021484375 0.044921875
4 0.6064453125 0.3857421875 0.01953125 0.04296875
4 0.4033203125 0.373046875 0.0400390625 0.0634765625
4 0.0595703125 0.3974609375 0.07421875 0.0986328125
4 0.8603515625 0.3896484375 0.0185546875 0.04296875
4 0.755859375 0.375 0.0263671875 0.033203125
4 0.0078125 0.4267578125 0.0146484375 0.08984375