6 0.39453125 0.330078125 0.01171875 0.0244140625
6 0.291015625 0.3232421875 0.0126953125 0.021484375
6 0.140625 0.3193359375 0.0146484375 0.0205078125
6 0.173828125 0.337890625 0.005859375 0.009765625
6 0.8056640625 0.3486328125 0.005859375 0.009765625
6 0.1181640625 0.365234375 0.0146484375 0.017578125
6 0.2197265625 0.34765625 0.0068359375 0.0087890625
6 0.0751953125 0.3505859375 0.0087890625 0.021484375
4 0.0576171875 0.556640625 0.1142578125 0.3125
4 0.388671875 0.404296875 0.0615234375 0.09765625
4 0.2890625 0.4072265625 0.072265625 0.0927734375
4 0.1357421875 0.4091796875 0.09375 0.107421875
4 0.806640625 0.38671875 0.025390625 0.0478515625
4 0.4951171875 0.376953125 0.037109375 0.0595703125
4 0.1962890625 0.361328125 0.029296875 0.03125
4 0.833984375 0.3798828125 0.01953125 0.025390625
4 0.658203125 0.3798828125 0.0302734375 0.0302734375
4 0.037109375 0.408203125 0.029296875 0.0625
4 0.5849609375 0.3779296875 0.060546875 0.05859375
4 0.173828125 0.365234375 0.021484375 0.03125
4 0.5693359375 0.3740234375 0.0302734375 0.0546875
4 0.4697265625 0.3701171875 0.037109375 0.02734375
4 0.60546875 0.38671875 0.01953125 0.0400390625
4 0.0576171875 0.400390625 0.0703125 0.0927734375
4 0.0771484375 0.4033203125 0.0341796875 0.0810546875