6 0.7294921875 0.3251953125 0.0146484375 0.021484375
6 0.826171875 0.3359375 0.0107421875 0.015625
6 0.5888671875 0.3349609375 0.009765625 0.0126953125
6 0.3232421875 0.3291015625 0.01171875 0.0146484375
6 0.654296875 0.3466796875 0.0068359375 0.0107421875
6 0.8671875 0.337890625 0.0078125 0.01171875
6 0.4326171875 0.3359375 0.0107421875 0.0126953125
6 0.4443359375 0.3310546875 0.009765625 0.01171875
6 0.5224609375 0.3388671875 0.0078125 0.009765625
6 0.802734375 0.34765625 0.005859375 0.009765625
6 0.7529296875 0.3447265625 0.005859375 0.009765625
6 0.419921875 0.373046875 0.0126953125 0.0126953125
6 0.8359375 0.3427734375 0.009765625 0.0205078125
6 0.8603515625 0.3349609375 0.0078125 0.0126953125
6 0.5986328125 0.3447265625 0.0068359375 0.0107421875
6 0.30859375 0.3701171875 0.01171875 0.0146484375
6 0.8447265625 0.3359375 0.0078125 0.0126953125
6 0.861328125 0.35546875 0.009765625 0.0166015625
6 0.494140625 0.3544921875 0.005859375 0.0107421875
6 0.4306640625 0.3564453125 0.0107421875 0.013671875
4 0.4287109375 0.40625 0.0556640625 0.080078125
4 0.517578125 0.4033203125 0.044921875 0.0703125
4 0.3212890625 0.40625 0.0634765625 0.08984375
4 0.8359375 0.423828125 0.0537109375 0.0986328125
4 0.7275390625 0.4375 0.0693359375 0.1171875
4 0.65234375 0.392578125 0.033203125 0.05859375
4 0.798828125 0.3896484375 0.025390625 0.0537109375
4 0.390625 0.3818359375 0.025390625 0.0498046875
4 0.4892578125 0.3759765625 0.03515625 0.052734375
4 0.5859375 0.4033203125 0.0478515625 0.076171875
4 0.6044921875 0.400390625 0.017578125 0.052734375
4 0.8603515625 0.39453125 0.017578125 0.0595703125
4 0.7578125 0.390625 0.01171875 0.0380859375
4 0.5634765625 0.375 0.02734375 0.05078125
4 0.154296875 0.298828125 0.01953125 0.0419921875
4 0.806640625 0.39453125 0.01171875 0.0419921875
4 0.04296875 0.37890625 0.048828125 0.0478515625
4 0.7509765625 0.3896484375 0.025390625 0.041015625
4 0.1357421875 0.302734375 0.0234375 0.044921875
4 0.4541015625 0.4033203125 0.01953125 0.0390625
4 0.009765625 0.642578125 0.01953125 0.1376953125