6 0.296875 0.3232421875 0.01171875 0.0205078125
6 0.4013671875 0.33203125 0.01171875 0.0244140625
6 0.80859375 0.3486328125 0.005859375 0.009765625
6 0.173828125 0.3369140625 0.005859375 0.0087890625
6 0.0751953125 0.349609375 0.0087890625 0.0205078125
6 0.1494140625 0.3203125 0.013671875 0.0205078125
6 0.2197265625 0.34765625 0.0068359375 0.009765625
6 0.814453125 0.349609375 0.0048828125 0.009765625
4 0.2958984375 0.4072265625 0.072265625 0.0927734375
4 0.3955078125 0.4033203125 0.060546875 0.0966796875
4 0.0361328125 0.6044921875 0.072265625 0.2431640625
4 0.8095703125 0.38671875 0.0263671875 0.0498046875
4 0.1435546875 0.41015625 0.0908203125 0.1044921875
4 0.4951171875 0.3779296875 0.0380859375 0.0576171875
4 0.568359375 0.375 0.03125 0.056640625
4 0.037109375 0.3974609375 0.0302734375 0.08203125
4 0.6591796875 0.380859375 0.0302734375 0.03125
4 0.1962890625 0.361328125 0.0283203125 0.0302734375
4 0.080078125 0.3935546875 0.03515625 0.1044921875
4 0.583984375 0.376953125 0.0625 0.0615234375
4 0.6064453125 0.38671875 0.01953125 0.0400390625
4 0.833984375 0.38671875 0.0244140625 0.0380859375
4 0.060546875 0.3935546875 0.0751953125 0.10546875
4 0.1748046875 0.3642578125 0.017578125 0.0263671875
4 0.755859375 0.375 0.0263671875 0.0341796875