6 0.2109375 0.310546875 0.03515625 0.048828125
6 0.09765625 0.3173828125 0.015625 0.0224609375
6 0.3505859375 0.3291015625 0.01171875 0.0234375
6 0.7958984375 0.349609375 0.0087890625 0.01171875
6 0.2548828125 0.322265625 0.01171875 0.0244140625
6 0.1767578125 0.3359375 0.0048828125 0.0087890625
6 0.0751953125 0.345703125 0.0078125 0.0146484375
6 0.0732421875 0.3642578125 0.0185546875 0.01953125
6 0.349609375 0.322265625 0.01171875 0.01171875
4 0.34375 0.4052734375 0.0673828125 0.1005859375
4 0.0927734375 0.404296875 0.1005859375 0.123046875
4 0.20703125 0.5498046875 0.2314453125 0.2880859375
4 0.7919921875 0.3876953125 0.0224609375 0.05078125
4 0.39453125 0.37890625 0.0234375 0.048828125
4 0.177734375 0.3720703125 0.0146484375 0.0380859375
4 0.4912109375 0.3759765625 0.0458984375 0.0615234375
4 0.04296875 0.3955078125 0.0419921875 0.0810546875
4 0.2578125 0.4072265625 0.06640625 0.0908203125
4 0.6064453125 0.384765625 0.01953125 0.0419921875
4 0.6591796875 0.37890625 0.03125 0.0302734375
4 0.5849609375 0.3779296875 0.0615234375 0.0576171875
4 0.166015625 0.3583984375 0.0107421875 0.0244140625
4 0.5693359375 0.375 0.0302734375 0.0537109375
4 0.2412109375 0.3828125 0.0263671875 0.048828125
4 0.1279296875 0.380859375 0.0322265625 0.0576171875
4 0.2587890625 0.369140625 0.056640625 0.0703125