6 0.44921875 0.3330078125 0.0107421875 0.0244140625
6 0.337890625 0.3271484375 0.0107421875 0.0224609375
6 0.1962890625 0.3212890625 0.0126953125 0.021484375
6 0.822265625 0.3486328125 0.005859375 0.0087890625
6 0.1708984375 0.3349609375 0.005859375 0.0087890625
6 0.8671875 0.3525390625 0.005859375 0.0087890625
6 0.0751953125 0.349609375 0.0087890625 0.0224609375
6 0.2197265625 0.3466796875 0.0068359375 0.009765625
6 0.83203125 0.3505859375 0.0068359375 0.0107421875
6 0.4990234375 0.35546875 0.0068359375 0.015625
6 0.32421875 0.3701171875 0.01171875 0.015625
4 0.1923828125 0.4052734375 0.083984375 0.1025390625
4 0.3369140625 0.40625 0.0654296875 0.0888671875
4 0.4443359375 0.4013671875 0.0556640625 0.08984375
4 0.0263671875 0.4228515625 0.0517578125 0.0927734375
4 0.39453125 0.3798828125 0.0244140625 0.0498046875
4 0.8251953125 0.384765625 0.0283203125 0.048828125
4 0.4931640625 0.3759765625 0.0419921875 0.05859375
4 0.845703125 0.37890625 0.0166015625 0.0302734375
4 0.5693359375 0.3740234375 0.0302734375 0.056640625
4 0.080078125 0.404296875 0.0341796875 0.08203125
4 0.6591796875 0.3798828125 0.03125 0.03125
4 0.6064453125 0.3857421875 0.01953125 0.0419921875
4 0.5849609375 0.376953125 0.060546875 0.0615234375
4 0.046875 0.3876953125 0.048828125 0.0654296875
4 0.8701171875 0.3779296875 0.025390625 0.0673828125
4 0.060546875 0.400390625 0.07421875 0.0927734375
4 0.12109375 0.3896484375 0.0380859375 0.076171875
4 0.755859375 0.3740234375 0.0263671875 0.0361328125