6 0.7099609375 0.3251953125 0.0205078125 0.04296875
6 0.0390625 0.31640625 0.0205078125 0.0224609375
6 0.0673828125 0.310546875 0.0166015625 0.021484375
6 0.482421875 0.337890625 0.009765625 0.013671875
6 0.2529296875 0.3193359375 0.0146484375 0.0166015625
6 0.1943359375 0.326171875 0.0078125 0.0126953125
6 0.4052734375 0.3349609375 0.0107421875 0.013671875
6 0.169921875 0.373046875 0.01171875 0.0146484375
6 0.595703125 0.33984375 0.0068359375 0.0146484375
6 0.2177734375 0.345703125 0.0068359375 0.0087890625
6 0.5703125 0.3388671875 0.0087890625 0.013671875
6 0.14453125 0.3388671875 0.0068359375 0.009765625
6 0.55859375 0.373046875 0.0126953125 0.0126953125
6 0.0166015625 0.3701171875 0.0146484375 0.021484375
6 0.0966796875 0.287109375 0.0078125 0.013671875
6 0.5634765625 0.3359375 0.0068359375 0.009765625
6 0.1201171875 0.349609375 0.005859375 0.0087890625
6 0.1689453125 0.3525390625 0.0078125 0.0107421875
6 0.41796875 0.349609375 0.0126953125 0.013671875
6 0.3916015625 0.373046875 0.0107421875 0.01171875
6 0.56640625 0.359375 0.009765625 0.0166015625
6 0.388671875 0.365234375 0.0087890625 0.009765625
6 0.1806640625 0.357421875 0.005859375 0.01171875
4 0.70703125 0.4580078125 0.09375 0.1806640625
4 0.044921875 0.4169921875 0.08984375 0.1171875
4 0.400390625 0.404296875 0.0556640625 0.080078125
4 0.1845703125 0.4140625 0.0888671875 0.1025390625
4 0.24609375 0.4111328125 0.0908203125 0.1142578125
4 0.478515625 0.400390625 0.048828125 0.0712890625
4 0.5634765625 0.400390625 0.0419921875 0.0751953125
4 0.1279296875 0.3896484375 0.03515625 0.0859375
4 0.837890625 0.380859375 0.0302734375 0.03125
4 0.5927734375 0.3994140625 0.041015625 0.068359375
4 0.84375 0.3603515625 0.0419921875 0.072265625
4 0.501953125 0.3798828125 0.0224609375 0.0556640625