6 0.7626953125 0.328125 0.013671875 0.021484375
6 0.296875 0.3271484375 0.009765625 0.013671875
6 0.8486328125 0.337890625 0.009765625 0.0166015625
6 0.640625 0.345703125 0.0068359375 0.0107421875
6 0.5654296875 0.333984375 0.01171875 0.0126953125
6 0.498046875 0.3388671875 0.0078125 0.0107421875
6 0.8681640625 0.337890625 0.0078125 0.0107421875
6 0.8212890625 0.3505859375 0.005859375 0.009765625
6 0.583984375 0.34375 0.0068359375 0.01171875
6 0.787109375 0.3466796875 0.0068359375 0.0107421875
6 0.40625 0.333984375 0.01171875 0.0126953125
6 0.2822265625 0.369140625 0.0126953125 0.0166015625
6 0.4189453125 0.330078125 0.0107421875 0.0146484375
6 0.859375 0.3330078125 0.0068359375 0.0087890625
6 0.8232421875 0.3642578125 0.0068359375 0.01171875
6 0.7412109375 0.34765625 0.005859375 0.0087890625
6 0.8583984375 0.33984375 0.009765625 0.0166015625
6 0.810546875 0.3662109375 0.005859375 0.0087890625
6 0.3857421875 0.365234375 0.009765625 0.0126953125
6 0.3935546875 0.3740234375 0.0126953125 0.013671875
6 0.4033203125 0.3525390625 0.009765625 0.0126953125
6 0.4873046875 0.375 0.0087890625 0.009765625
6 0.4033203125 0.3603515625 0.0107421875 0.0185546875
4 0.4931640625 0.404296875 0.048828125 0.07421875
4 0.759765625 0.4345703125 0.0634765625 0.11328125
4 0.4013671875 0.4052734375 0.05859375 0.087890625
4 0.0771484375 0.53125 0.154296875 0.3330078125
4 0.2958984375 0.4072265625 0.0654296875 0.0908203125
4 0.560546875 0.4052734375 0.0478515625 0.078125
4 0.6376953125 0.3935546875 0.0322265625 0.0615234375
4 0.818359375 0.388671875 0.0244140625 0.052734375
4 0.84765625 0.431640625 0.029296875 0.0791015625
4 0.7333984375 0.392578125 0.0185546875 0.0498046875
4 0.5849609375 0.4033203125 0.02734375 0.0556640625
4 0.6630859375 0.3828125 0.015625 0.0302734375
4 0.787109375 0.390625 0.017578125 0.046875
4 0.6044921875 0.3876953125 0.0185546875 0.037109375
4 0.0546875 0.4091796875 0.0751953125 0.10546875
4 0.3828125 0.380859375 0.029296875 0.046875