6 0.7783203125 0.3291015625 0.013671875 0.0205078125
6 0.28515625 0.3251953125 0.01171875 0.013671875
6 0.6337890625 0.3447265625 0.0068359375 0.01171875
6 0.392578125 0.3330078125 0.01171875 0.0146484375
6 0.4052734375 0.330078125 0.01171875 0.0146484375
6 0.8603515625 0.337890625 0.009765625 0.0146484375
6 0.0556640625 0.2763671875 0.044921875 0.0791015625
6 0.8173828125 0.3505859375 0.0068359375 0.009765625
6 0.5537109375 0.33203125 0.0107421875 0.0126953125
6 0.4853515625 0.3388671875 0.0068359375 0.01171875
6 0.5771484375 0.341796875 0.0068359375 0.01171875
6 0.869140625 0.3388671875 0.0078125 0.013671875
6 0.7353515625 0.3447265625 0.005859375 0.0107421875
6 0.8173828125 0.3642578125 0.0087890625 0.0126953125
6 0.5810546875 0.322265625 0.0185546875 0.0302734375
6 0.087890625 0.376953125 0.0146484375 0.029296875
6 0.2705078125 0.369140625 0.01171875 0.015625
6 0.2744140625 0.349609375 0.0107421875 0.0126953125
6 0.47265625 0.3662109375 0.005859375 0.0087890625
6 0.37890625 0.373046875 0.01171875 0.0146484375
6 0.47265625 0.3720703125 0.0107421875 0.0146484375
6 0.5654296875 0.353515625 0.0068359375 0.0087890625
6 0.578125 0.3017578125 0.0078125 0.01171875
4 0.1064453125 0.5478515625 0.212890625 0.3486328125
4 0.388671875 0.40625 0.0595703125 0.0849609375
4 0.7763671875 0.4365234375 0.0595703125 0.1005859375
4 0.4814453125 0.4033203125 0.05078125 0.0771484375
4 0.548828125 0.4052734375 0.0498046875 0.078125
4 0.2841796875 0.4072265625 0.06640625 0.091796875
4 0.732421875 0.388671875 0.02734375 0.0595703125
4 0.5791015625 0.3994140625 0.033203125 0.0625
4 0.630859375 0.3955078125 0.0322265625 0.0546875
4 0.8544921875 0.431640625 0.0185546875 0.07421875
4 0.6044921875 0.388671875 0.0185546875 0.041015625
4 0.6591796875 0.3828125 0.025390625 0.029296875
4 0.1376953125 0.2958984375 0.056640625 0.044921875
4 0.8349609375 0.380859375 0.0263671875 0.02734375
4 0.84375 0.3798828125 0.0087890625 0.0263671875
4 0.818359375 0.388671875 0.0322265625 0.048828125