6 0.701171875 0.3232421875 0.0146484375 0.021484375
6 0.6064453125 0.3349609375 0.009765625 0.0126953125
6 0.806640625 0.3359375 0.0107421875 0.0185546875
6 0.341796875 0.3291015625 0.009765625 0.0126953125
6 0.4521484375 0.3359375 0.0107421875 0.0146484375
6 0.462890625 0.33203125 0.009765625 0.013671875
6 0.865234375 0.3369140625 0.0078125 0.0126953125
6 0.7607421875 0.3466796875 0.0068359375 0.0126953125
6 0.6640625 0.3466796875 0.0078125 0.0126953125
6 0.5390625 0.33984375 0.0078125 0.0107421875
6 0.8369140625 0.3515625 0.0068359375 0.01171875
6 0.8173828125 0.341796875 0.0107421875 0.025390625
6 0.439453125 0.373046875 0.01171875 0.0126953125
6 0.494140625 0.3544921875 0.005859375 0.0107421875
6 0.3271484375 0.3701171875 0.0107421875 0.013671875
6 0.5234375 0.375 0.0087890625 0.0087890625
6 0.8427734375 0.3388671875 0.0068359375 0.01171875
4 0.697265625 0.4423828125 0.0712890625 0.12109375
4 0.4482421875 0.4091796875 0.0517578125 0.0712890625
4 0.3408203125 0.4072265625 0.0595703125 0.083984375
4 0.7548828125 0.388671875 0.0322265625 0.056640625
4 0.390625 0.380859375 0.0244140625 0.0498046875
4 0.8154296875 0.4248046875 0.052734375 0.1015625
4 0.6591796875 0.3916015625 0.0283203125 0.060546875
4 0.8583984375 0.39453125 0.01953125 0.0625
4 0.6025390625 0.4033203125 0.044921875 0.0732421875
4 0.83984375 0.38671875 0.0205078125 0.0458984375
4 0.0537109375 0.392578125 0.0732421875 0.087890625
4 0.5341796875 0.40234375 0.04296875 0.068359375
4 0.4833984375 0.3837890625 0.0244140625 0.0439453125
4 0.033203125 0.3955078125 0.0322265625 0.0810546875
4 0.490234375 0.37890625 0.037109375 0.0556640625