6 0.5546875 0.30859375 0.0166015625 0.025390625
6 0.666015625 0.3369140625 0.0087890625 0.01171875
6 0.0390625 0.31640625 0.013671875 0.0205078125
6 0.7216796875 0.3291015625 0.0126953125 0.0205078125
6 0.5224609375 0.3388671875 0.009765625 0.0146484375
6 0.5322265625 0.3330078125 0.0087890625 0.01171875
6 0.732421875 0.337890625 0.0107421875 0.029296875
6 0.8583984375 0.3349609375 0.009765625 0.0126953125
6 0.6015625 0.3427734375 0.005859375 0.01171875
6 0.6494140625 0.341796875 0.005859375 0.009765625
6 0.0263671875 0.3134765625 0.013671875 0.013671875
6 0.7919921875 0.34375 0.005859375 0.01171875
6 0.412109375 0.3310546875 0.009765625 0.0126953125
6 0.7001953125 0.345703125 0.0068359375 0.0107421875
6 0.13671875 0.333984375 0.0078125 0.0087890625
6 0.0693359375 0.3486328125 0.0087890625 0.0234375
6 0.56640625 0.3203125 0.009765625 0.0205078125
6 0.1630859375 0.349609375 0.0068359375 0.009765625
6 0.5107421875 0.373046875 0.01171875 0.01171875
6 0.759765625 0.3720703125 0.0087890625 0.0146484375
6 0.494140625 0.353515625 0.0068359375 0.01171875
6 0.8564453125 0.3681640625 0.009765625 0.01171875
6 0.0693359375 0.341796875 0.0068359375 0.01171875
4 0.5517578125 0.453125 0.0986328125 0.1484375
4 0.033203125 0.416015625 0.06640625 0.1015625
4 0.7294921875 0.427734375 0.064453125 0.1220703125
4 0.408203125 0.4013671875 0.0546875 0.0830078125
4 0.7900390625 0.3876953125 0.0224609375 0.0478515625
4 0.662109375 0.3974609375 0.03515625 0.0693359375
4 0.8525390625 0.3935546875 0.02734375 0.0625
4 0.599609375 0.3994140625 0.033203125 0.05859375
4 0.6416015625 0.3935546875 0.01953125 0.056640625
4 0.0712890625 0.40625 0.0390625 0.0830078125
4 0.490234375 0.3759765625 0.0302734375 0.0576171875
4 0.5166015625 0.40234375 0.0419921875 0.0712890625
4 0.6943359375 0.3837890625 0.025390625 0.0625
4 0.1865234375 0.359375 0.02734375 0.029296875
4 0.755859375 0.37890625 0.0166015625 0.0302734375
4 0.4736328125 0.3720703125 0.021484375 0.029296875
4 0.3876953125 0.3740234375 0.0166015625 0.0380859375
4 0.8330078125 0.38671875 0.0302734375 0.044921875
4 0.1240234375 0.3720703125 0.0166015625 0.0419921875