6 0.8583984375 0.3310546875 0.0166015625 0.03125
6 0.3515625 0.3232421875 0.01171875 0.015625
6 0.607421875 0.337890625 0.0087890625 0.0166015625
6 0.48828125 0.33203125 0.009765625 0.017578125
6 0.3642578125 0.328125 0.01171875 0.015625
6 0.2548828125 0.322265625 0.0107421875 0.0146484375
6 0.3349609375 0.37109375 0.013671875 0.015625
6 0.23828125 0.3720703125 0.01171875 0.0146484375
6 0.2197265625 0.34375 0.0078125 0.0087890625
6 0.15625 0.3349609375 0.0048828125 0.0078125
6 0.345703125 0.35546875 0.009765625 0.0166015625
6 0.2392578125 0.3759765625 0.009765625 0.0107421875
6 0.126953125 0.345703125 0.0048828125 0.0087890625
6 0.146484375 0.3349609375 0.005859375 0.0087890625
6 0.40625 0.3447265625 0.0078125 0.0107421875
6 0.3896484375 0.3642578125 0.0107421875 0.0146484375
6 0.0751953125 0.341796875 0.005859375 0.01171875
4 0.2490234375 0.4091796875 0.0732421875 0.0869140625
4 0.3505859375 0.4072265625 0.0810546875 0.0908203125
4 0.48828125 0.3994140625 0.0498046875 0.0771484375
4 0.603515625 0.39453125 0.0400390625 0.07421875
4 0.84765625 0.4375 0.05078125 0.13671875
4 0.1572265625 0.3662109375 0.013671875 0.033203125
4 0.1962890625 0.3603515625 0.0322265625 0.03125
4 0.01953125 0.4375 0.0390625 0.08984375
4 0.39453125 0.3779296875 0.0263671875 0.048828125
4 0.0791015625 0.404296875 0.0341796875 0.080078125
4 0.0361328125 0.4072265625 0.0302734375 0.0615234375
4 0.658203125 0.3798828125 0.0322265625 0.029296875
4 0.0595703125 0.400390625 0.0732421875 0.0888671875
4 0.5703125 0.369140625 0.0283203125 0.0478515625
4 0.123046875 0.37109375 0.0341796875 0.0458984375
4 0.375 0.40625 0.0322265625 0.06640625