6 0.8046875 0.3291015625 0.0185546875 0.033203125
6 0.4169921875 0.33203125 0.009765625 0.0166015625
6 0.1083984375 0.3115234375 0.017578125 0.0185546875
6 0.5361328125 0.3349609375 0.009765625 0.015625
6 0.4541015625 0.3310546875 0.009765625 0.0205078125
6 0.0419921875 0.314453125 0.015625 0.013671875
6 0.65234375 0.341796875 0.0087890625 0.0166015625
6 0.322265625 0.330078125 0.0107421875 0.0166015625
6 0.15234375 0.337890625 0.005859375 0.0087890625
6 0.015625 0.37109375 0.0107421875 0.017578125
6 0.0966796875 0.3095703125 0.009765625 0.0166015625
6 0.2197265625 0.34375 0.0068359375 0.0087890625
6 0.0751953125 0.3486328125 0.0087890625 0.0224609375
6 0.4052734375 0.3466796875 0.0068359375 0.01171875
6 0.0419921875 0.322265625 0.015625 0.0283203125
6 0.0751953125 0.34375 0.0068359375 0.01171875
4 0.318359375 0.4072265625 0.06640625 0.083984375
4 0.80078125 0.4462890625 0.0712890625 0.1455078125
4 0.533203125 0.3994140625 0.0419921875 0.0703125
4 0.6484375 0.392578125 0.0361328125 0.0693359375
4 0.099609375 0.4150390625 0.1103515625 0.125
4 0.4482421875 0.4072265625 0.0576171875 0.0771484375
4 0.041015625 0.41796875 0.08203125 0.1171875
4 0.408203125 0.3984375 0.046875 0.08203125
4 0.8388671875 0.3798828125 0.0302734375 0.0322265625
4 0.1533203125 0.3662109375 0.0107421875 0.033203125
4 0.6064453125 0.3857421875 0.0185546875 0.04296875
4 0.4970703125 0.375 0.0361328125 0.0595703125
4 0.83203125 0.3837890625 0.0185546875 0.033203125
4 0.3896484375 0.376953125 0.015625 0.044921875
4 0.140625 0.3642578125 0.03515625 0.04296875
4 0.8515625 0.3544921875 0.03125 0.0673828125
4 0.197265625 0.3623046875 0.0302734375 0.03125
4 0.5703125 0.373046875 0.0283203125 0.052734375