6 0.6162109375 0.31640625 0.0244140625 0.0458984375
6 0.3447265625 0.3232421875 0.013671875 0.015625
6 0.4580078125 0.3349609375 0.009765625 0.0126953125
6 0.5263671875 0.337890625 0.009765625 0.0107421875
6 0.0693359375 0.3154296875 0.015625 0.015625
6 0.283203125 0.3291015625 0.0107421875 0.0166015625
6 0.7392578125 0.3466796875 0.0068359375 0.0126953125
6 0.638671875 0.3388671875 0.0087890625 0.0146484375
6 0.1552734375 0.322265625 0.0166015625 0.021484375
6 0.177734375 0.318359375 0.0166015625 0.01953125
6 0.1357421875 0.37109375 0.013671875 0.01953125
6 0.744140625 0.3623046875 0.0068359375 0.0126953125
6 0.142578125 0.34375 0.009765625 0.0166015625
6 0.4453125 0.3740234375 0.01171875 0.0107421875
6 0.6484375 0.3837890625 0.0087890625 0.0126953125
6 0.2197265625 0.3447265625 0.0068359375 0.0078125
6 0.1435546875 0.33984375 0.0068359375 0.0107421875
6 0.7275390625 0.3642578125 0.0048828125 0.009765625
6 0.7353515625 0.365234375 0.0087890625 0.01171875
6 0.1181640625 0.3486328125 0.0087890625 0.01171875
4 0.611328125 0.474609375 0.111328125 0.1923828125
4 0.27734375 0.4111328125 0.0791015625 0.0927734375
4 0.3388671875 0.4140625 0.076171875 0.09375
4 0.150390625 0.4140625 0.0908203125 0.1064453125
4 0.5224609375 0.3994140625 0.04296875 0.06640625
4 0.453125 0.404296875 0.048828125 0.0732421875
4 0.7373046875 0.390625 0.029296875 0.0615234375
4 0.39453125 0.380859375 0.025390625 0.048828125
4 0.0849609375 0.4130859375 0.056640625 0.107421875
4 0.8388671875 0.3818359375 0.0302734375 0.03125
4 0.4921875 0.3779296875 0.033203125 0.05859375
4 0.48046875 0.3837890625 0.01953125 0.044921875
4 0.0576171875 0.427734375 0.1123046875 0.142578125
4 0.201171875 0.3623046875 0.021484375 0.0302734375
4 0.6591796875 0.3828125 0.0283203125 0.0302734375
4 0.666015625 0.3837890625 0.013671875 0.029296875
4 0.1962890625 0.3876953125 0.0283203125 0.0791015625
4 0.5693359375 0.3740234375 0.03125 0.05078125
4 0.1240234375 0.3681640625 0.0322265625 0.048828125