6 0.37890625 0.3251953125 0.0126953125 0.015625
6 0.568359375 0.314453125 0.0244140625 0.048828125
6 0.4755859375 0.3388671875 0.0087890625 0.01171875
6 0.662109375 0.3427734375 0.0078125 0.0146484375
6 0.1064453125 0.318359375 0.013671875 0.015625
6 0.2158203125 0.3193359375 0.013671875 0.0185546875
6 0.31640625 0.3330078125 0.0107421875 0.017578125
6 0.751953125 0.3466796875 0.0068359375 0.01171875
6 0.5419921875 0.341796875 0.009765625 0.0146484375
6 0.1953125 0.326171875 0.0146484375 0.0146484375
6 0.177734375 0.3720703125 0.013671875 0.01953125
6 0.65234375 0.341796875 0.0068359375 0.0146484375
6 0.1396484375 0.33984375 0.0048828125 0.0087890625
6 0.19921875 0.3271484375 0.0087890625 0.01171875
6 0.193359375 0.349609375 0.009765625 0.015625
6 0.7421875 0.3564453125 0.0078125 0.0146484375
6 0.5849609375 0.322265625 0.0146484375 0.0302734375
6 0.1455078125 0.337890625 0.0068359375 0.0087890625
6 0.095703125 0.3115234375 0.009765625 0.0185546875
6 0.298828125 0.3740234375 0.0126953125 0.0146484375
6 0.748046875 0.3642578125 0.0078125 0.01171875
6 0.580078125 0.3017578125 0.0068359375 0.0146484375
6 0.1669921875 0.3505859375 0.0068359375 0.0107421875
6 0.1103515625 0.3046875 0.0087890625 0.0107421875
6 0.7431640625 0.353515625 0.005859375 0.01171875
4 0.3076171875 0.41015625 0.0673828125 0.0888671875
4 0.19140625 0.4150390625 0.0869140625 0.1015625
4 0.3720703125 0.412109375 0.072265625 0.09375
4 0.6533203125 0.3974609375 0.04296875 0.064453125
4 0.837890625 0.3818359375 0.029296875 0.0322265625
4 0.564453125 0.4873046875 0.123046875 0.19921875
4 0.4716796875 0.4033203125 0.046875 0.072265625
4 0.7490234375 0.3876953125 0.0283203125 0.0654296875
4 0.5302734375 0.3955078125 0.025390625 0.0625
4 0.5009765625 0.376953125 0.0263671875 0.05859375
4 0.1181640625 0.412109375 0.0556640625 0.1025390625
4 0.6044921875 0.392578125 0.0322265625 0.05078125
4 0.130859375 0.369140625 0.0166015625 0.03125