6 0.7705078125 0.328125 0.013671875 0.01953125
6 0.5595703125 0.3330078125 0.0107421875 0.01171875
6 0.2919921875 0.3271484375 0.0107421875 0.0107421875
6 0.4921875 0.337890625 0.0087890625 0.0107421875
6 0.8544921875 0.337890625 0.009765625 0.013671875
6 0.6376953125 0.3447265625 0.0068359375 0.009765625
6 0.3994140625 0.333984375 0.01171875 0.0146484375
6 0.8193359375 0.349609375 0.005859375 0.0087890625
6 0.8701171875 0.337890625 0.005859375 0.009765625
6 0.5810546875 0.3427734375 0.0068359375 0.009765625
6 0.021484375 0.2705078125 0.04296875 0.076171875
6 0.73828125 0.3466796875 0.0068359375 0.0107421875
6 0.2783203125 0.3671875 0.0146484375 0.0185546875
6 0.412109375 0.330078125 0.0107421875 0.0126953125
6 0.783203125 0.3447265625 0.0078125 0.0107421875
6 0.4814453125 0.3740234375 0.009765625 0.0107421875
6 0.275390625 0.3505859375 0.013671875 0.0126953125
6 0.86328125 0.3359375 0.0078125 0.009765625
6 0.38671875 0.3740234375 0.01171875 0.01171875
6 0.8623046875 0.33203125 0.0068359375 0.0087890625
6 0.8212890625 0.3623046875 0.0068359375 0.009765625
6 0.86328125 0.3408203125 0.0087890625 0.0146484375
6 0.8603515625 0.3388671875 0.0068359375 0.01171875
4 0.091796875 0.5322265625 0.18359375 0.3173828125
4 0.3955078125 0.4072265625 0.05859375 0.0849609375
4 0.767578125 0.4375 0.0595703125 0.1015625
4 0.4873046875 0.40234375 0.048828125 0.078125
4 0.8154296875 0.38671875 0.0244140625 0.0537109375
4 0.5556640625 0.4052734375 0.048828125 0.078125
4 0.2900390625 0.408203125 0.0673828125 0.091796875
4 0.7353515625 0.3896484375 0.02734375 0.05859375
4 0.6337890625 0.392578125 0.03125 0.0625
4 0.8515625 0.4326171875 0.0244140625 0.07421875
4 0.66015625 0.3828125 0.0234375 0.0302734375
4 0.5810546875 0.4013671875 0.0302734375 0.05859375
4 0.134765625 0.2939453125 0.0625 0.052734375
4 0.6044921875 0.388671875 0.01953125 0.041015625
4 0.8681640625 0.3525390625 0.017578125 0.041015625