6 0.8388671875 0.33203125 0.01171875 0.0166015625
6 0.3134765625 0.2998046875 0.033203125 0.0654296875
6 0.6005859375 0.34375 0.0068359375 0.01171875
6 0.494140625 0.3310546875 0.0107421875 0.013671875
6 0.341796875 0.326171875 0.01171875 0.0126953125
6 0.794921875 0.349609375 0.0068359375 0.009765625
6 0.8759765625 0.337890625 0.0068359375 0.009765625
6 0.4267578125 0.333984375 0.0087890625 0.009765625
6 0.5419921875 0.33984375 0.0068359375 0.0107421875
6 0.70703125 0.34375 0.0078125 0.0126953125
6 0.2255859375 0.3232421875 0.0107421875 0.013671875
6 0.0322265625 0.3125 0.0146484375 0.01171875
6 0.7412109375 0.3447265625 0.0078125 0.01171875
6 0.21484375 0.3466796875 0.0078125 0.0107421875
6 0.8720703125 0.3564453125 0.0107421875 0.017578125
6 0.22265625 0.33203125 0.0166015625 0.03125
6 0.4130859375 0.3740234375 0.013671875 0.0126953125
6 0.732421875 0.3720703125 0.01171875 0.0107421875
6 0.8232421875 0.4013671875 0.009765625 0.0146484375
6 0.2060546875 0.369140625 0.0126953125 0.0166015625
6 0.740234375 0.341796875 0.005859375 0.0087890625
6 0.5654296875 0.35546875 0.0078125 0.0107421875
6 0.7841796875 0.3662109375 0.005859375 0.0087890625
6 0.7890625 0.3662109375 0.0087890625 0.0087890625
6 0.3271484375 0.3369140625 0.009765625 0.0146484375
6 0.4736328125 0.359375 0.005859375 0.0107421875
4 0.310546875 0.53125 0.208984375 0.2587890625
4 0.791015625 0.388671875 0.0244140625 0.0556640625
4 0.837890625 0.4287109375 0.0517578125 0.095703125
4 0.48828125 0.408203125 0.0576171875 0.0830078125
4 0.421875 0.4072265625 0.0576171875 0.0771484375
4 0.5380859375 0.4013671875 0.0400390625 0.0634765625
4 0.703125 0.39453125 0.0283203125 0.052734375
4 0.736328125 0.3935546875 0.029296875 0.0595703125
4 0.59765625 0.3974609375 0.03515625 0.0595703125
4 0.3876953125 0.3818359375 0.033203125 0.0498046875
4 0.220703125 0.40234375 0.0791015625 0.1083984375
4 0.658203125 0.3828125 0.029296875 0.0302734375