6 0.8203125 0.33203125 0.01171875 0.017578125
6 0.2392578125 0.2939453125 0.0390625 0.0703125
6 0.36328125 0.328125 0.0126953125 0.0166015625
6 0.6123046875 0.34375 0.0068359375 0.0107421875
6 0.8740234375 0.337890625 0.0068359375 0.009765625
6 0.5546875 0.341796875 0.0078125 0.013671875
6 0.447265625 0.3388671875 0.0087890625 0.015625
6 0.5146484375 0.3310546875 0.0107421875 0.013671875
6 0.349609375 0.33203125 0.01171875 0.0146484375
6 0.71484375 0.3447265625 0.0068359375 0.01171875
6 0.8017578125 0.349609375 0.005859375 0.009765625
6 0.0634765625 0.3134765625 0.013671875 0.009765625
6 0.3359375 0.373046875 0.01171875 0.0146484375
6 0.431640625 0.3740234375 0.013671875 0.0126953125
6 0.845703125 0.3369140625 0.0068359375 0.0126953125
6 0.72265625 0.3486328125 0.0068359375 0.0087890625
6 0.7919921875 0.3662109375 0.0068359375 0.009765625
6 0.74609375 0.37109375 0.009765625 0.0107421875
6 0.830078125 0.345703125 0.0087890625 0.0146484375
6 0.75390625 0.3427734375 0.0068359375 0.009765625
4 0.2373046875 0.529296875 0.23828125 0.3037109375
4 0.3447265625 0.41015625 0.064453125 0.0859375
4 0.4423828125 0.4052734375 0.0537109375 0.078125
4 0.8193359375 0.4296875 0.0576171875 0.099609375
4 0.75 0.392578125 0.029296875 0.056640625
4 0.6083984375 0.3955078125 0.03515625 0.0615234375
4 0.5078125 0.408203125 0.0556640625 0.0810546875
4 0.5517578125 0.400390625 0.0380859375 0.0654296875
4 0.7939453125 0.388671875 0.0146484375 0.0546875
4 0.3916015625 0.380859375 0.0263671875 0.0498046875
4 0.712890625 0.392578125 0.0283203125 0.0546875
4 0.6630859375 0.3837890625 0.0185546875 0.029296875
4 0.8603515625 0.396484375 0.0126953125 0.052734375
4 0.294921875 0.404296875 0.0439453125 0.0712890625
4 0.3984375 0.380859375 0.0126953125 0.0458984375
4 0.8671875 0.3837890625 0.0263671875 0.0703125
4 0.845703125 0.3828125 0.01171875 0.029296875
4 0.150390625 0.29296875 0.09375 0.0576171875