6 0.265625 0.3251953125 0.0126953125 0.0146484375
6 0.7998046875 0.330078125 0.0126953125 0.01953125
6 0.384765625 0.328125 0.0126953125 0.015625
6 0.1552734375 0.2880859375 0.041015625 0.078125
6 0.5341796875 0.3310546875 0.0107421875 0.0126953125
6 0.466796875 0.3359375 0.0087890625 0.0107421875
6 0.7255859375 0.34375 0.005859375 0.0126953125
6 0.5654296875 0.3427734375 0.009765625 0.013671875
6 0.37109375 0.33203125 0.0107421875 0.013671875
6 0.623046875 0.34375 0.0068359375 0.0107421875
6 0.7666015625 0.345703125 0.0068359375 0.0126953125
6 0.8740234375 0.3388671875 0.01171875 0.013671875
6 0.466796875 0.3408203125 0.0087890625 0.0185546875
6 0.357421875 0.3740234375 0.0126953125 0.013671875
6 0.451171875 0.3740234375 0.0107421875 0.01171875
6 0.828125 0.376953125 0.01171875 0.01171875
6 0.861328125 0.333984375 0.005859375 0.0126953125
6 0.8515625 0.365234375 0.009765625 0.0126953125
6 0.5185546875 0.373046875 0.009765625 0.0107421875
4 0.3681640625 0.408203125 0.0634765625 0.0859375
4 0.8017578125 0.431640625 0.0634765625 0.10546875
4 0.4619140625 0.404296875 0.052734375 0.0771484375
4 0.7236328125 0.392578125 0.029296875 0.0537109375
4 0.15234375 0.5419921875 0.2744140625 0.326171875
4 0.619140625 0.3935546875 0.03515625 0.060546875
4 0.529296875 0.40625 0.0517578125 0.080078125
4 0.7626953125 0.392578125 0.02734375 0.0556640625
4 0.5634765625 0.400390625 0.03515625 0.0625
4 0.2666015625 0.4072265625 0.0654296875 0.091796875
4 0.837890625 0.37890625 0.0322265625 0.03515625
4 0.8681640625 0.37890625 0.0302734375 0.0927734375
4 0.84765625 0.3779296875 0.0166015625 0.03515625
4 0.8583984375 0.3974609375 0.0126953125 0.0546875
4 0.6630859375 0.3828125 0.017578125 0.029296875
4 0.501953125 0.373046875 0.0244140625 0.0556640625
4 0.3974609375 0.38671875 0.0166015625 0.05859375
4 0.1220703125 0.4052734375 0.2431640625 0.181640625
4 0.771484375 0.3974609375 0.01171875 0.0439453125
4 0.6015625 0.388671875 0.013671875 0.041015625
4 0.4853515625 0.3837890625 0.0205078125 0.044921875