6 0.5244140625 0.306640625 0.0185546875 0.0263671875
6 0.423828125 0.333984375 0.0126953125 0.017578125
6 0.705078125 0.328125 0.013671875 0.0234375
6 0.6748046875 0.3369140625 0.0087890625 0.01171875
6 0.5439453125 0.333984375 0.009765625 0.013671875
6 0.857421875 0.3349609375 0.0087890625 0.0126953125
6 0.716796875 0.337890625 0.01171875 0.0302734375
6 0.060546875 0.31640625 0.0126953125 0.0185546875
6 0.048828125 0.314453125 0.013671875 0.015625
6 0.6552734375 0.3427734375 0.005859375 0.009765625
6 0.611328125 0.341796875 0.005859375 0.0107421875
6 0.796875 0.3447265625 0.0068359375 0.0107421875
6 0.13671875 0.333984375 0.0078125 0.009765625
6 0.494140625 0.353515625 0.0087890625 0.013671875
6 0.162109375 0.3486328125 0.0068359375 0.009765625
4 0.5205078125 0.4521484375 0.103515625 0.158203125
4 0.044921875 0.4130859375 0.08984375 0.111328125
4 0.419921875 0.40234375 0.0537109375 0.0791015625
4 0.794921875 0.3876953125 0.0224609375 0.046875
4 0.71484375 0.4267578125 0.0673828125 0.1298828125
4 0.6484375 0.392578125 0.0205078125 0.056640625
4 0.6708984375 0.396484375 0.0341796875 0.0693359375
4 0.8525390625 0.392578125 0.02734375 0.0634765625
4 0.1904296875 0.359375 0.033203125 0.0302734375
4 0.490234375 0.375 0.0380859375 0.05859375
4 0.8310546875 0.37890625 0.02734375 0.0283203125
4 0.6064453125 0.3984375 0.037109375 0.0615234375
4 0.123046875 0.3701171875 0.017578125 0.0390625
4 0.7490234375 0.375 0.0283203125 0.0302734375