6 0.6806640625 0.330078125 0.0146484375 0.02734375
6 0.4736328125 0.302734375 0.017578125 0.0263671875
6 0.8564453125 0.3359375 0.0087890625 0.01171875
6 0.439453125 0.33203125 0.009765625 0.0126953125
6 0.55859375 0.3359375 0.0087890625 0.0146484375
6 0.09375 0.3193359375 0.01171875 0.01953125
6 0.6259765625 0.341796875 0.0068359375 0.0107421875
6 0.08203125 0.318359375 0.013671875 0.017578125
6 0.8046875 0.345703125 0.005859375 0.009765625
6 0.6923828125 0.3359375 0.01171875 0.0322265625
6 0.7138671875 0.34765625 0.0068359375 0.0107421875
6 0.4970703125 0.3583984375 0.0107421875 0.0205078125
6 0.548828125 0.3408203125 0.009765625 0.015625
6 0.6650390625 0.341796875 0.005859375 0.0126953125
6 0.1376953125 0.333984375 0.0078125 0.009765625
6 0.4287109375 0.3701171875 0.013671875 0.015625
6 0.6572265625 0.375 0.0107421875 0.015625
6 0.537109375 0.3720703125 0.0087890625 0.0107421875
6 0.7177734375 0.4013671875 0.0107421875 0.01953125
6 0.8720703125 0.345703125 0.0068359375 0.0107421875
6 0.4970703125 0.353515625 0.0087890625 0.01171875
4 0.4697265625 0.458984375 0.1162109375 0.1630859375
4 0.544921875 0.400390625 0.0419921875 0.0673828125
4 0.0732421875 0.416015625 0.095703125 0.1015625
4 0.6875 0.4375 0.0693359375 0.1162109375
4 0.62109375 0.3974609375 0.0361328125 0.05859375
4 0.802734375 0.3876953125 0.021484375 0.044921875
4 0.65625 0.392578125 0.0166015625 0.0546875
4 0.8525390625 0.392578125 0.02734375 0.0625
4 0.189453125 0.3603515625 0.0322265625 0.03125
4 0.8310546875 0.3779296875 0.025390625 0.0283203125
4 0.037109375 0.392578125 0.0419921875 0.080078125
4 0.5986328125 0.384765625 0.02734375 0.0419921875
4 0.75 0.3720703125 0.02734375 0.037109375
4 0.4345703125 0.40234375 0.046875 0.0771484375