6 0.787109375 0.328125 0.017578125 0.0361328125
6 0.142578125 0.3125 0.0166015625 0.0185546875
6 0.482421875 0.3310546875 0.009765625 0.0185546875
6 0.431640625 0.33203125 0.009765625 0.0146484375
6 0.548828125 0.3349609375 0.009765625 0.0166015625
6 0.6640625 0.3427734375 0.0078125 0.015625
6 0.341796875 0.330078125 0.009765625 0.0146484375
6 0.076171875 0.31640625 0.0146484375 0.0146484375
6 0.0517578125 0.3720703125 0.0146484375 0.0185546875
6 0.130859375 0.30859375 0.01171875 0.0224609375
6 0.21875 0.34375 0.0068359375 0.0078125
6 0.326171875 0.3720703125 0.0107421875 0.013671875
6 0.568359375 0.3525390625 0.009765625 0.0126953125
4 0.7822265625 0.451171875 0.0732421875 0.146484375
4 0.3369140625 0.4052734375 0.0634765625 0.0830078125
4 0.0654296875 0.416015625 0.099609375 0.1181640625
4 0.1357421875 0.416015625 0.1044921875 0.1181640625
4 0.5458984375 0.3974609375 0.041015625 0.0712890625
4 0.427734375 0.3994140625 0.0537109375 0.078125
4 0.6611328125 0.392578125 0.0341796875 0.0693359375
4 0.4755859375 0.4033203125 0.0537109375 0.080078125
4 0.8349609375 0.3798828125 0.0380859375 0.0302734375
4 0.6064453125 0.38671875 0.01953125 0.0419921875
4 0.392578125 0.3798828125 0.0205078125 0.0478515625
4 0.1962890625 0.361328125 0.029296875 0.0302734375
4 0.5712890625 0.375 0.02734375 0.05859375
4 0.501953125 0.3759765625 0.0234375 0.0595703125
4 0.8515625 0.353515625 0.0283203125 0.0625
4 0.404296875 0.3740234375 0.04296875 0.0615234375