6 0.873046875 0.328125 0.0146484375 0.0224609375
6 0.5068359375 0.3359375 0.0087890625 0.01171875
6 0.1640625 0.28125 0.02734375 0.033203125
6 0.611328125 0.341796875 0.0078125 0.013671875
6 0.5478515625 0.318359375 0.0205078125 0.03125
6 0.619140625 0.3369140625 0.0078125 0.0107421875
6 0.8515625 0.3359375 0.0087890625 0.01171875
6 0.7392578125 0.3408203125 0.0078125 0.0126953125
6 0.6845703125 0.341796875 0.005859375 0.0087890625
6 0.560546875 0.3271484375 0.0146484375 0.0341796875
6 0.453125 0.330078125 0.009765625 0.0107421875
6 0.703125 0.34375 0.0068359375 0.0107421875
6 0.2177734375 0.326171875 0.009765625 0.0146484375
6 0.208984375 0.322265625 0.0126953125 0.0166015625
6 0.748046875 0.345703125 0.0068359375 0.009765625
6 0.6748046875 0.3720703125 0.0068359375 0.0087890625
6 0.8369140625 0.34375 0.0078125 0.0126953125
4 0.158203125 0.4853515625 0.2001953125 0.232421875
4 0.5537109375 0.451171875 0.0888671875 0.146484375
4 0.607421875 0.3984375 0.037109375 0.0595703125
4 0.736328125 0.3935546875 0.0302734375 0.060546875
4 0.501953125 0.396484375 0.04296875 0.0771484375
4 0.6982421875 0.392578125 0.0302734375 0.0537109375
4 0.0302734375 0.3955078125 0.0302734375 0.0830078125
4 0.830078125 0.3837890625 0.017578125 0.0478515625
4 0.7529296875 0.388671875 0.0166015625 0.044921875
4 0.6796875 0.392578125 0.0322265625 0.0576171875
4 0.2158203125 0.404296875 0.05078125 0.064453125
4 0.19140625 0.3583984375 0.021484375 0.0302734375
4 0.05078125 0.39453125 0.0712890625 0.087890625
4 0.2275390625 0.40625 0.0283203125 0.0556640625
4 0.587890625 0.3955078125 0.0263671875 0.0625
4 0.83984375 0.3662109375 0.0361328125 0.0830078125
4 0.8466796875 0.4501953125 0.0302734375 0.1064453125
4 0.8564453125 0.41015625 0.0498046875 0.1875