6 0.6083984375 0.3427734375 0.0078125 0.01171875
6 0.3564453125 0.326171875 0.0126953125 0.015625
6 0.265625 0.294921875 0.0341796875 0.0703125
6 0.8740234375 0.3369140625 0.0068359375 0.0107421875
6 0.5068359375 0.330078125 0.01171875 0.013671875
6 0.7998046875 0.3486328125 0.005859375 0.0107421875
6 0.5498046875 0.3408203125 0.0068359375 0.0126953125
6 0.328125 0.373046875 0.013671875 0.015625
6 0.8271484375 0.33203125 0.01171875 0.017578125
6 0.4404296875 0.3359375 0.009765625 0.0126953125
6 0.712890625 0.3447265625 0.0087890625 0.01171875
6 0.7490234375 0.34375 0.005859375 0.0107421875
6 0.220703125 0.369140625 0.013671875 0.017578125
6 0.7998046875 0.3623046875 0.0107421875 0.0126953125
6 0.23828125 0.322265625 0.0126953125 0.015625
6 0.21484375 0.3466796875 0.0078125 0.009765625
6 0.052734375 0.3115234375 0.013671875 0.009765625
6 0.42578125 0.373046875 0.0126953125 0.0126953125
6 0.341796875 0.3310546875 0.01171875 0.013671875
6 0.541015625 0.375 0.0107421875 0.009765625
6 0.794921875 0.36328125 0.0078125 0.009765625
6 0.3115234375 0.3916015625 0.0126953125 0.0166015625
6 0.7900390625 0.365234375 0.0068359375 0.0087890625
6 0.845703125 0.3369140625 0.0078125 0.013671875
6 0.5654296875 0.353515625 0.009765625 0.0107421875
6 0.7431640625 0.37109375 0.0107421875 0.0107421875
6 0.7451171875 0.3564453125 0.0107421875 0.0126953125
6 0.8525390625 0.3642578125 0.0078125 0.0107421875
6 0.8037109375 0.3623046875 0.0068359375 0.01171875
4 0.2626953125 0.5361328125 0.2275390625 0.2763671875
4 0.4365234375 0.4052734375 0.0576171875 0.078125
4 0.8251953125 0.431640625 0.0517578125 0.09375
4 0.7958984375 0.3876953125 0.0244140625 0.056640625
4 0.5458984375 0.3994140625 0.0400390625 0.06640625
4 0.5009765625 0.40625 0.0546875 0.0830078125
4 0.3916015625 0.380859375 0.025390625 0.0498046875
4 0.74609375 0.3916015625 0.029296875 0.0595703125
4 0.6044921875 0.3955078125 0.037109375 0.060546875
4 0.3408203125 0.41015625 0.05859375 0.083984375
4 0.865234375 0.3896484375 0.0205078125 0.056640625
4 0.7099609375 0.392578125 0.029296875 0.0546875
4 0.6572265625 0.3828125 0.029296875 0.0302734375
4 0.861328125 0.392578125 0.0126953125 0.0478515625
4 0.220703125 0.390625 0.0205078125 0.0654296875
4 0.150390625 0.2939453125 0.091796875 0.0576171875