6 0.4169921875 0.333984375 0.0107421875 0.015625
6 0.064453125 0.318359375 0.0185546875 0.0234375
6 0.2109375 0.3291015625 0.0146484375 0.0234375
6 0.2724609375 0.3193359375 0.0146484375 0.0166015625
6 0.4912109375 0.3369140625 0.009765625 0.013671875
6 0.091796875 0.3125 0.01953125 0.0224609375
6 0.693359375 0.3212890625 0.0224609375 0.0400390625
6 0.5849609375 0.33984375 0.0087890625 0.0146484375
6 0.712890625 0.3447265625 0.0087890625 0.015625
6 0.6044921875 0.3388671875 0.0078125 0.0146484375
6 0.189453125 0.373046875 0.0126953125 0.0166015625
6 0.5830078125 0.322265625 0.017578125 0.029296875
6 0.041015625 0.3701171875 0.0146484375 0.021484375
6 0.5732421875 0.3720703125 0.013671875 0.0126953125
6 0.7158203125 0.36328125 0.0107421875 0.0166015625
6 0.5791015625 0.3017578125 0.009765625 0.0146484375
6 0.3896484375 0.365234375 0.0107421875 0.013671875
6 0.16796875 0.3505859375 0.005859375 0.0107421875
4 0.6904296875 0.458984375 0.0947265625 0.181640625
4 0.0595703125 0.4150390625 0.10546875 0.1171875
4 0.48828125 0.3984375 0.048828125 0.07421875
4 0.205078125 0.412109375 0.08984375 0.10546875
4 0.412109375 0.404296875 0.0546875 0.0791015625
4 0.2646484375 0.412109375 0.091796875 0.107421875
4 0.8388671875 0.380859375 0.0302734375 0.03125
4 0.5791015625 0.400390625 0.0419921875 0.0703125
4 0.025390625 0.4169921875 0.05078125 0.1162109375
4 0.1240234375 0.388671875 0.0361328125 0.0859375
4 0.6044921875 0.3974609375 0.029296875 0.0625
4 0.5634765625 0.3740234375 0.0224609375 0.0537109375
4 0.7138671875 0.3603515625 0.0146484375 0.0478515625
4 0.3896484375 0.380859375 0.0185546875 0.0458984375
4 0.19140625 0.3603515625 0.0244140625 0.0283203125
4 0.8447265625 0.359375 0.04296875 0.0732421875
4 0.4130859375 0.376953125 0.068359375 0.0615234375