6 0.646484375 0.3173828125 0.015625 0.0224609375
6 0.7724609375 0.3330078125 0.01171875 0.0205078125
6 0.373046875 0.3291015625 0.009765625 0.0126953125
6 0.8623046875 0.3369140625 0.0078125 0.01171875
6 0.494140625 0.33203125 0.009765625 0.0126953125
6 0.4833984375 0.3369140625 0.009765625 0.013671875
6 0.6318359375 0.3359375 0.009765625 0.01171875
6 0.6787109375 0.34765625 0.0068359375 0.0107421875
6 0.84765625 0.3515625 0.005859375 0.0107421875
6 0.5654296875 0.341796875 0.0078125 0.0126953125
6 0.630859375 0.3408203125 0.0126953125 0.0234375
6 0.7841796875 0.341796875 0.01171875 0.02734375
6 0.8310546875 0.34765625 0.005859375 0.0087890625
6 0.1376953125 0.3349609375 0.0068359375 0.0087890625
6 0.0693359375 0.349609375 0.0087890625 0.0244140625
6 0.470703125 0.373046875 0.01171875 0.0126953125
6 0.3564453125 0.3701171875 0.01171875 0.013671875
6 0.4716796875 0.3623046875 0.0068359375 0.0087890625
6 0.5537109375 0.375 0.0087890625 0.009765625
6 0.47265625 0.365234375 0.0087890625 0.009765625
4 0.4794921875 0.404296875 0.0517578125 0.07421875
4 0.6435546875 0.439453125 0.080078125 0.1435546875
4 0.5615234375 0.400390625 0.0400390625 0.0654296875
4 0.369140625 0.404296875 0.0576171875 0.0830078125
4 0.783203125 0.421875 0.0595703125 0.1162109375
4 0.03125 0.396484375 0.0302734375 0.0830078125
4 0.828125 0.3876953125 0.0224609375 0.0478515625
4 0.8564453125 0.39453125 0.01953125 0.0625
4 0.677734375 0.38671875 0.0244140625 0.0576171875
4 0.8427734375 0.3857421875 0.0166015625 0.05078125
4 0.1259765625 0.3642578125 0.0185546875 0.0263671875
4 0.072265625 0.3955078125 0.033203125 0.072265625
4 0.615234375 0.392578125 0.029296875 0.048828125
4 0.3935546875 0.375 0.017578125 0.0380859375
4 0.052734375 0.396484375 0.072265625 0.0859375