6 0.85546875 0.3369140625 0.0087890625 0.013671875
6 0.6708984375 0.3291015625 0.013671875 0.02734375
6 0.630859375 0.3427734375 0.0068359375 0.01171875
6 0.455078125 0.302734375 0.0205078125 0.02734375
6 0.6923828125 0.3388671875 0.0087890625 0.0126953125
6 0.5537109375 0.341796875 0.009765625 0.017578125
6 0.103515625 0.3203125 0.0126953125 0.01953125
6 0.5634765625 0.3369140625 0.0087890625 0.0146484375
6 0.091796875 0.31640625 0.01171875 0.013671875
6 0.8076171875 0.3466796875 0.005859375 0.0087890625
6 0.716796875 0.3466796875 0.0068359375 0.0087890625
6 0.1376953125 0.333984375 0.0078125 0.009765625
6 0.6826171875 0.3359375 0.01171875 0.033203125
6 0.431640625 0.37109375 0.013671875 0.017578125
6 0.162109375 0.349609375 0.0068359375 0.009765625
6 0.068359375 0.349609375 0.009765625 0.0234375
6 0.4931640625 0.3525390625 0.0068359375 0.0126953125
4 0.451171875 0.45703125 0.12109375 0.177734375
4 0.0849609375 0.4091796875 0.0947265625 0.115234375
4 0.5498046875 0.400390625 0.041015625 0.068359375
4 0.6787109375 0.43359375 0.068359375 0.12890625
4 0.8056640625 0.38671875 0.0224609375 0.0458984375
4 0.7119140625 0.388671875 0.0302734375 0.0498046875
4 0.8525390625 0.3935546875 0.02734375 0.0625
4 0.626953125 0.3974609375 0.03515625 0.05859375
4 0.189453125 0.3603515625 0.0322265625 0.03125
4 0.59765625 0.3857421875 0.02734375 0.0419921875
4 0.8310546875 0.3798828125 0.025390625 0.02734375
4 0.0400390625 0.3935546875 0.0498046875 0.08203125
4 0.4912109375 0.3779296875 0.0322265625 0.0576171875
4 0.126953125 0.3837890625 0.0205078125 0.068359375