6 0.5 0.337890625 0.009765625 0.013671875
6 0.291015625 0.3212890625 0.0146484375 0.015625
6 0.4267578125 0.3359375 0.009765625 0.013671875
6 0.01171875 0.314453125 0.0146484375 0.0166015625
6 0.1142578125 0.3134765625 0.017578125 0.021484375
6 0.087890625 0.318359375 0.0185546875 0.0185546875
6 0.720703125 0.345703125 0.0087890625 0.0126953125
6 0.67578125 0.3212890625 0.021484375 0.0419921875
6 0.61328125 0.33984375 0.0068359375 0.013671875
6 0.5986328125 0.3408203125 0.0087890625 0.013671875
6 0.21875 0.345703125 0.0068359375 0.0087890625
6 0.14453125 0.337890625 0.005859375 0.0087890625
6 0.7197265625 0.361328125 0.0126953125 0.013671875
6 0.587890625 0.3720703125 0.013671875 0.0126953125
6 0.06640625 0.37109375 0.013671875 0.0185546875
6 0.0732421875 0.3447265625 0.0068359375 0.0107421875
6 0.16796875 0.3515625 0.005859375 0.009765625
6 0.0966796875 0.310546875 0.0107421875 0.015625
6 0.2275390625 0.322265625 0.0126953125 0.013671875
6 0.0048828125 0.3046875 0.009765625 0.015625
4 0.49609375 0.4013671875 0.044921875 0.068359375
4 0.6708984375 0.4716796875 0.0947265625 0.1689453125
4 0.224609375 0.4130859375 0.0869140625 0.099609375
4 0.421875 0.4052734375 0.052734375 0.07421875
4 0.837890625 0.380859375 0.0302734375 0.0322265625
4 0.3935546875 0.3818359375 0.0263671875 0.0498046875
4 0.5927734375 0.3994140625 0.0390625 0.0712890625
4 0.716796875 0.390625 0.0302734375 0.0615234375
4 0.083984375 0.4150390625 0.1005859375 0.1162109375
4 0.0302734375 0.416015625 0.060546875 0.1181640625
4 0.28515625 0.4130859375 0.0849609375 0.1025390625
4 0.1337890625 0.392578125 0.0185546875 0.0771484375
4 0.1943359375 0.3623046875 0.0283203125 0.0302734375
4 0.61328125 0.396484375 0.02734375 0.0634765625
4 0.599609375 0.380859375 0.0537109375 0.1064453125
4 0.7548828125 0.373046875 0.0283203125 0.0439453125
4 0.5634765625 0.3759765625 0.021484375 0.0517578125
4 0.173828125 0.361328125 0.017578125 0.029296875
4 0.40234375 0.375 0.0419921875 0.0625