6 0.5654296875 0.3388671875 0.0107421875 0.01953125
6 0.4443359375 0.3291015625 0.009765625 0.0166015625
6 0.3173828125 0.3251953125 0.01171875 0.0166015625
6 0.189453125 0.322265625 0.0126953125 0.0166015625
6 0.24609375 0.318359375 0.013671875 0.017578125
6 0.1689453125 0.3720703125 0.0126953125 0.0166015625
6 0.224609375 0.37109375 0.0146484375 0.017578125
6 0.220703125 0.3505859375 0.009765625 0.0205078125
6 0.1279296875 0.3447265625 0.0068359375 0.01171875
6 0.8603515625 0.349609375 0.0048828125 0.0078125
6 0.076171875 0.3486328125 0.0087890625 0.0234375
6 0.162109375 0.3349609375 0.005859375 0.0087890625
6 0.302734375 0.3642578125 0.013671875 0.013671875
6 0.1689453125 0.3486328125 0.0068359375 0.0107421875
6 0.1474609375 0.3349609375 0.005859375 0.0087890625
6 0.4072265625 0.3447265625 0.0087890625 0.01171875
6 0.2197265625 0.3447265625 0.0078125 0.0107421875
4 0.2373046875 0.4111328125 0.083984375 0.1005859375
4 0.3134765625 0.4013671875 0.06640625 0.087890625
4 0.560546875 0.39453125 0.04296875 0.080078125
4 0.1787109375 0.4091796875 0.0791015625 0.099609375
4 0.3955078125 0.37890625 0.025390625 0.0498046875
4 0.123046875 0.3671875 0.0341796875 0.0546875
4 0.49609375 0.3759765625 0.037109375 0.0556640625
4 0.6591796875 0.3798828125 0.0322265625 0.03125
4 0.443359375 0.40234375 0.0517578125 0.0791015625
4 0.857421875 0.3798828125 0.0224609375 0.0439453125
4 0.078125 0.396484375 0.0400390625 0.0986328125
4 0.0380859375 0.3955078125 0.033203125 0.08203125
4 0.8466796875 0.376953125 0.04296875 0.0419921875
4 0.060546875 0.3916015625 0.0751953125 0.10546875
4 0.1630859375 0.3623046875 0.017578125 0.029296875