6 0.8662109375 0.326171875 0.015625 0.021484375
6 0.615234375 0.341796875 0.0078125 0.013671875
6 0.1318359375 0.27734375 0.0283203125 0.0361328125
6 0.51171875 0.3359375 0.009765625 0.013671875
6 0.53515625 0.3173828125 0.0205078125 0.03125
6 0.7431640625 0.33984375 0.0078125 0.0107421875
6 0.6240234375 0.337890625 0.0078125 0.01171875
6 0.548828125 0.326171875 0.015625 0.0361328125
6 0.6884765625 0.34375 0.0068359375 0.0107421875
6 0.8515625 0.333984375 0.009765625 0.0146484375
6 0.2177734375 0.3212890625 0.0126953125 0.0146484375
6 0.4599609375 0.3310546875 0.0087890625 0.0107421875
6 0.2265625 0.32421875 0.0107421875 0.015625
6 0.751953125 0.34765625 0.005859375 0.0107421875
6 0.162109375 0.3505859375 0.0087890625 0.0126953125
6 0.705078125 0.345703125 0.005859375 0.0107421875
6 0.705078125 0.3515625 0.0068359375 0.0087890625
6 0.6806640625 0.3720703125 0.0068359375 0.009765625
6 0.0634765625 0.3681640625 0.01171875 0.015625
6 0.4921875 0.3515625 0.005859375 0.0107421875
6 0.2216796875 0.3232421875 0.01953125 0.0185546875
4 0.125 0.4931640625 0.2099609375 0.2255859375
4 0.544921875 0.44921875 0.0849609375 0.15234375
4 0.6123046875 0.3974609375 0.03515625 0.0615234375
4 0.7021484375 0.3916015625 0.0263671875 0.0537109375
4 0.8427734375 0.443359375 0.0380859375 0.1259765625
4 0.5009765625 0.3974609375 0.0302734375 0.07421875
4 0.7392578125 0.39453125 0.02734375 0.0595703125
4 0.212890625 0.4091796875 0.0732421875 0.087890625
4 0.68359375 0.392578125 0.0302734375 0.0576171875
4 0.189453125 0.3603515625 0.0322265625 0.03125
4 0.4873046875 0.37109375 0.021484375 0.0498046875
4 0.75390625 0.3896484375 0.0146484375 0.041015625
4 0.5810546875 0.384765625 0.0244140625 0.0478515625
4 0.0517578125 0.39453125 0.07421875 0.0849609375
4 0.849609375 0.4111328125 0.052734375 0.189453125
4 0.83203125 0.3701171875 0.0263671875 0.072265625
4 0.1630859375 0.357421875 0.0126953125 0.0283203125
4 0.62890625 0.3837890625 0.0126953125 0.0419921875
4 0.0302734375 0.3935546875 0.03125 0.08203125
4 0.828125 0.384765625 0.021484375 0.04296875