6 0.6904296875 0.3212890625 0.015625 0.0234375
6 0.3486328125 0.328125 0.01171875 0.013671875
6 0.611328125 0.333984375 0.009765625 0.0126953125
6 0.7998046875 0.333984375 0.0107421875 0.0166015625
6 0.8642578125 0.3369140625 0.0078125 0.0126953125
6 0.4697265625 0.33203125 0.009765625 0.013671875
6 0.458984375 0.3359375 0.0107421875 0.0146484375
6 0.666015625 0.345703125 0.0068359375 0.0107421875
6 0.763671875 0.3447265625 0.0068359375 0.0107421875
6 0.810546875 0.3388671875 0.01171875 0.0205078125
6 0.83984375 0.34765625 0.005859375 0.009765625
6 0.544921875 0.33984375 0.0087890625 0.0107421875
6 0.81640625 0.34765625 0.0068359375 0.013671875
6 0.494140625 0.353515625 0.005859375 0.0107421875
6 0.3330078125 0.369140625 0.01171875 0.0146484375
6 0.529296875 0.3740234375 0.009765625 0.0107421875
6 0.841796875 0.33984375 0.0068359375 0.009765625
6 0.8408203125 0.36328125 0.0078125 0.0107421875
6 0.4462890625 0.373046875 0.0126953125 0.013671875
6 0.52734375 0.3720703125 0.0068359375 0.009765625
4 0.455078125 0.40625 0.052734375 0.0751953125
4 0.6064453125 0.40234375 0.044921875 0.0732421875
4 0.6875 0.4453125 0.072265625 0.1171875
4 0.345703125 0.40625 0.05859375 0.08203125
4 0.5400390625 0.4013671875 0.04296875 0.068359375
4 0.8076171875 0.4306640625 0.0517578125 0.0927734375
4 0.390625 0.3798828125 0.025390625 0.0498046875
4 0.7607421875 0.3896484375 0.025390625 0.052734375
4 0.8583984375 0.3935546875 0.0205078125 0.0625
4 0.6611328125 0.3916015625 0.0234375 0.05859375
4 0.494140625 0.3759765625 0.0302734375 0.0556640625
4 0.8369140625 0.384765625 0.025390625 0.048828125
4 0.0322265625 0.396484375 0.0322265625 0.0830078125
4 0.0537109375 0.3955078125 0.072265625 0.0869140625
4 0.486328125 0.3837890625 0.01953125 0.0400390625
4 0.115234375 0.3515625 0.029296875 0.0400390625