6 0.0361328125 0.306640625 0.01953125 0.0205078125
6 0.837890625 0.3291015625 0.017578125 0.0302734375
6 0.5068359375 0.333984375 0.0107421875 0.0185546875
6 0.6259765625 0.33984375 0.0087890625 0.0166015625
6 0.39453125 0.3271484375 0.0107421875 0.0166015625
6 0.283203125 0.326171875 0.01171875 0.0166015625
6 0.3857421875 0.330078125 0.0107421875 0.0166015625
6 0.154296875 0.3359375 0.0048828125 0.0078125
6 0.267578125 0.37109375 0.0107421875 0.013671875
6 0.2197265625 0.3427734375 0.0068359375 0.0087890625
6 0.126953125 0.345703125 0.005859375 0.0087890625
6 0.0751953125 0.3486328125 0.0087890625 0.0224609375
6 0.146484375 0.3359375 0.005859375 0.009765625
6 0.076171875 0.3427734375 0.0068359375 0.01171875
4 0.2783203125 0.408203125 0.0703125 0.0869140625
4 0.38671875 0.4052734375 0.068359375 0.0888671875
4 0.833984375 0.4462890625 0.0654296875 0.1279296875
4 0.5048828125 0.3994140625 0.0439453125 0.07421875
4 0.0439453125 0.419921875 0.087890625 0.1181640625
4 0.6220703125 0.3955078125 0.0380859375 0.068359375
4 0.1552734375 0.3662109375 0.01171875 0.0302734375
4 0.1953125 0.3603515625 0.0322265625 0.0322265625
4 0.66796875 0.3818359375 0.013671875 0.02734375
4 0.076171875 0.404296875 0.0419921875 0.08203125
4 0.123046875 0.37109375 0.0341796875 0.0458984375