6 0.46875 0.3095703125 0.029296875 0.0556640625
6 0.435546875 0.3271484375 0.0126953125 0.013671875
6 0.2607421875 0.3271484375 0.0146484375 0.0166015625
6 0.2783203125 0.3212890625 0.013671875 0.017578125
6 0.701171875 0.3427734375 0.0068359375 0.0146484375
6 0.3720703125 0.3330078125 0.0107421875 0.0146484375
6 0.5712890625 0.3427734375 0.0087890625 0.0126953125
6 0.7734375 0.3466796875 0.005859375 0.0107421875
6 0.6787109375 0.341796875 0.0068359375 0.01171875
6 0.8828125 0.3349609375 0.0087890625 0.0146484375
6 0.2509765625 0.345703125 0.013671875 0.015625
6 0.166015625 0.3212890625 0.013671875 0.013671875
6 0.5078125 0.341796875 0.009765625 0.0166015625
6 0.244140625 0.3681640625 0.013671875 0.025390625
6 0.35546875 0.3740234375 0.009765625 0.0126953125
6 0.7744140625 0.3623046875 0.009765625 0.013671875
6 0.51171875 0.390625 0.009765625 0.0185546875
6 0.2177734375 0.345703125 0.0068359375 0.0078125
6 0.69921875 0.3603515625 0.0087890625 0.01171875
6 0.14453125 0.3359375 0.005859375 0.0078125
6 0.5634765625 0.337890625 0.0068359375 0.01171875
6 0.1376953125 0.341796875 0.005859375 0.009765625
4 0.46484375 0.4921875 0.154296875 0.2470703125
4 0.255859375 0.4130859375 0.0771484375 0.09375
4 0.365234375 0.4072265625 0.0634765625 0.087890625
4 0.568359375 0.39453125 0.0400390625 0.0693359375
4 0.76953125 0.3896484375 0.0263671875 0.0576171875
4 0.697265625 0.39453125 0.033203125 0.0625
4 0.837890625 0.3818359375 0.03125 0.033203125
4 0.6748046875 0.390625 0.029296875 0.0654296875
4 0.1630859375 0.4072265625 0.0771484375 0.1064453125
4 0.1962890625 0.36328125 0.0322265625 0.03125
4 0.6064453125 0.388671875 0.01953125 0.0400390625
4 0.50390625 0.3662109375 0.0283203125 0.06640625
4 0.41796875 0.4111328125 0.04296875 0.091796875
4 0.396484375 0.3828125 0.02734375 0.0517578125
4 0.45703125 0.41015625 0.12109375 0.09375
4 0.4287109375 0.3984375 0.021484375 0.0625
4 0.5107421875 0.3984375 0.0400390625 0.0673828125
4 0.2890625 0.4033203125 0.0185546875 0.0400390625