6 0.7548828125 0.3271484375 0.01953125 0.037109375
6 0.5244140625 0.3330078125 0.0087890625 0.0146484375
6 0.455078125 0.3349609375 0.009765625 0.013671875
6 0.68359375 0.3427734375 0.0087890625 0.015625
6 0.1943359375 0.3154296875 0.013671875 0.015625
6 0.37109375 0.3310546875 0.009765625 0.0146484375
6 0.5712890625 0.3369140625 0.0087890625 0.013671875
6 0.2177734375 0.3447265625 0.0068359375 0.0087890625
6 0.134765625 0.32421875 0.0107421875 0.0146484375
6 0.07421875 0.3505859375 0.0087890625 0.021484375
6 0.1083984375 0.373046875 0.013671875 0.0166015625
6 0.20703125 0.314453125 0.0126953125 0.015625
6 0.5634765625 0.3349609375 0.0087890625 0.009765625
6 0.146484375 0.3388671875 0.0068359375 0.009765625
6 0.1279296875 0.3310546875 0.0107421875 0.015625
6 0.16796875 0.3505859375 0.0068359375 0.009765625
6 0.404296875 0.34765625 0.005859375 0.0087890625
6 0.130859375 0.3203125 0.015625 0.0126953125
6 0.130859375 0.328125 0.0166015625 0.0224609375
4 0.751953125 0.4521484375 0.083984375 0.1650390625
4 0.3662109375 0.4052734375 0.0595703125 0.08203125
4 0.451171875 0.4013671875 0.05078125 0.07421875
4 0.1865234375 0.41796875 0.09765625 0.111328125
4 0.6796875 0.390625 0.033203125 0.0712890625
4 0.568359375 0.3974609375 0.0390625 0.0703125
4 0.5185546875 0.404296875 0.048828125 0.0751953125
4 0.1201171875 0.4111328125 0.09375 0.1162109375
4 0.8388671875 0.380859375 0.0302734375 0.03125
4 0.6064453125 0.3876953125 0.01953125 0.0419921875
4 0.0361328125 0.3984375 0.0302734375 0.080078125
4 0.490234375 0.3759765625 0.03515625 0.05859375
4 0.39453125 0.3798828125 0.0244140625 0.0458984375
4 0.482421875 0.3818359375 0.021484375 0.044921875
4 0.0771484375 0.41015625 0.04296875 0.095703125
4 0.400390625 0.376953125 0.013671875 0.0400390625
4 0.0478515625 0.3896484375 0.046875 0.068359375
4 0.0078125 0.431640625 0.015625 0.09375