6 0.3388671875 0.326171875 0.01171875 0.0146484375
6 0.4638671875 0.330078125 0.0107421875 0.015625
6 0.8818359375 0.330078125 0.0146484375 0.0263671875
6 0.294921875 0.3203125 0.013671875 0.0166015625
6 0.19921875 0.3720703125 0.0146484375 0.015625
6 0.275390625 0.3701171875 0.015625 0.0166015625
6 0.220703125 0.3232421875 0.013671875 0.0185546875
6 0.583984375 0.3251953125 0.017578125 0.0205078125
6 0.1591796875 0.3349609375 0.0048828125 0.0087890625
6 0.5830078125 0.3388671875 0.009765625 0.0146484375
6 0.5810546875 0.2978515625 0.009765625 0.0146484375
6 0.2138671875 0.3271484375 0.0078125 0.0146484375
6 0.076171875 0.3486328125 0.0087890625 0.0234375
6 0.32421875 0.36328125 0.0146484375 0.013671875
6 0.12890625 0.34375 0.0048828125 0.0087890625
6 0.40625 0.3447265625 0.0068359375 0.0107421875
6 0.220703125 0.3193359375 0.01171875 0.009765625
4 0.212890625 0.41015625 0.080078125 0.09375
4 0.462890625 0.4013671875 0.048828125 0.0771484375
4 0.5810546875 0.392578125 0.04296875 0.080078125
4 0.2880859375 0.4091796875 0.0771484375 0.0947265625
4 0.3388671875 0.400390625 0.056640625 0.08203125
4 0.3955078125 0.3779296875 0.025390625 0.048828125
4 0.8408203125 0.3779296875 0.0322265625 0.029296875
4 0.16015625 0.3662109375 0.013671875 0.0341796875
4 0.4990234375 0.375 0.0322265625 0.056640625
4 0.193359375 0.359375 0.025390625 0.0302734375
4 0.123046875 0.3701171875 0.0322265625 0.044921875
4 0.5654296875 0.3701171875 0.0185546875 0.0517578125
4 0.859375 0.4462890625 0.021484375 0.1083984375
4 0.6591796875 0.37890625 0.03125 0.0302734375
4 0.0791015625 0.4033203125 0.0380859375 0.0810546875
4 0.060546875 0.3955078125 0.07421875 0.09765625
4 0.0380859375 0.396484375 0.03125 0.080078125