6 0.2587890625 0.318359375 0.0126953125 0.0166015625
6 0.1962890625 0.3232421875 0.0126953125 0.015625
6 0.5693359375 0.33984375 0.009765625 0.0185546875
6 0.4482421875 0.3291015625 0.0107421875 0.0146484375
6 0.322265625 0.326171875 0.01171875 0.017578125
6 0.1767578125 0.373046875 0.0107421875 0.017578125
6 0.1611328125 0.3349609375 0.0048828125 0.0087890625
6 0.2197265625 0.3447265625 0.0078125 0.0087890625
6 0.3076171875 0.3642578125 0.0146484375 0.0146484375
6 0.076171875 0.3486328125 0.0087890625 0.0224609375
6 0.23828125 0.3701171875 0.013671875 0.0185546875
6 0.861328125 0.349609375 0.005859375 0.0078125
6 0.2294921875 0.359375 0.0078125 0.015625
6 0.1279296875 0.3447265625 0.005859375 0.0087890625
6 0.4990234375 0.35546875 0.0068359375 0.015625
6 0.4072265625 0.3447265625 0.0087890625 0.01171875
6 0.146484375 0.3359375 0.0048828125 0.0087890625
4 0.4482421875 0.40234375 0.05078125 0.078125
4 0.5654296875 0.3955078125 0.0419921875 0.080078125
4 0.3193359375 0.4013671875 0.06640625 0.0869140625
4 0.248046875 0.4111328125 0.0869140625 0.0986328125
4 0.189453125 0.4091796875 0.083984375 0.0986328125
4 0.3955078125 0.37890625 0.025390625 0.0498046875
4 0.1650390625 0.3623046875 0.0205078125 0.04296875
4 0.123046875 0.3671875 0.033203125 0.052734375
4 0.83984375 0.376953125 0.029296875 0.0302734375
4 0.2919921875 0.412109375 0.0283203125 0.06640625
4 0.6591796875 0.3798828125 0.03125 0.0302734375
4 0.49609375 0.3759765625 0.037109375 0.0556640625
4 0.0771484375 0.3955078125 0.0419921875 0.0986328125
4 0.857421875 0.3779296875 0.0224609375 0.0390625
4 0.607421875 0.3837890625 0.01953125 0.037109375
4 0.0380859375 0.3955078125 0.0322265625 0.08203125
4 0.66796875 0.380859375 0.015625 0.029296875