6 0.658203125 0.318359375 0.015625 0.0224609375
6 0.626953125 0.3359375 0.0107421875 0.013671875
6 0.3671875 0.3291015625 0.009765625 0.0126953125
6 0.779296875 0.333984375 0.01171875 0.01953125
6 0.4873046875 0.3330078125 0.009765625 0.013671875
6 0.4765625 0.3369140625 0.0107421875 0.0146484375
6 0.8623046875 0.3359375 0.0078125 0.0107421875
6 0.845703125 0.3515625 0.0068359375 0.01171875
6 0.560546875 0.33984375 0.0087890625 0.0126953125
6 0.791015625 0.341796875 0.0126953125 0.02734375
6 0.3525390625 0.3681640625 0.01171875 0.015625
6 0.828125 0.345703125 0.005859375 0.0087890625
6 0.67578125 0.345703125 0.0068359375 0.0107421875
6 0.1376953125 0.3349609375 0.0068359375 0.0087890625
6 0.46484375 0.373046875 0.0126953125 0.013671875
6 0.8583984375 0.3349609375 0.005859375 0.01171875
4 0.556640625 0.400390625 0.041015625 0.0673828125
4 0.4736328125 0.404296875 0.0517578125 0.07421875
4 0.6552734375 0.4462890625 0.0771484375 0.126953125
4 0.36328125 0.404296875 0.0576171875 0.0830078125
4 0.7880859375 0.4287109375 0.0556640625 0.1015625
4 0.03125 0.396484375 0.03125 0.0830078125
4 0.857421875 0.39453125 0.0205078125 0.0625
4 0.3916015625 0.3798828125 0.0224609375 0.048828125
4 0.8232421875 0.3876953125 0.02734375 0.05078125
4 0.76171875 0.3876953125 0.0126953125 0.0537109375
4 0.125 0.36328125 0.017578125 0.0244140625
4 0.8349609375 0.3857421875 0.0166015625 0.05078125
4 0.8466796875 0.3857421875 0.01171875 0.0517578125
4 0.623046875 0.4013671875 0.0419921875 0.072265625
4 0.0888671875 0.3857421875 0.037109375 0.052734375
4 0.501953125 0.3818359375 0.0166015625 0.0458984375