6 0.7607421875 0.326171875 0.0185546875 0.0361328125
6 0.5166015625 0.3330078125 0.009765625 0.0166015625
6 0.1845703125 0.314453125 0.013671875 0.017578125
6 0.451171875 0.3349609375 0.009765625 0.013671875
6 0.6796875 0.34375 0.0078125 0.0166015625
6 0.56640625 0.3359375 0.0107421875 0.015625
6 0.12109375 0.326171875 0.0146484375 0.0263671875
6 0.365234375 0.3310546875 0.009765625 0.013671875
6 0.1474609375 0.3388671875 0.0087890625 0.01171875
6 0.099609375 0.37109375 0.013671875 0.0166015625
6 0.12109375 0.3193359375 0.015625 0.013671875
6 0.580078125 0.357421875 0.009765625 0.0185546875
6 0.07421875 0.3505859375 0.009765625 0.0224609375
6 0.16796875 0.353515625 0.0087890625 0.0166015625
6 0.2177734375 0.3447265625 0.0068359375 0.0087890625
6 0.3505859375 0.3740234375 0.009765625 0.01171875
6 0.388671875 0.3623046875 0.009765625 0.01171875
4 0.7587890625 0.4501953125 0.0830078125 0.1630859375
4 0.1767578125 0.4140625 0.099609375 0.1171875
4 0.361328125 0.404296875 0.060546875 0.0810546875
4 0.6767578125 0.3916015625 0.033203125 0.068359375
4 0.509765625 0.4013671875 0.05078125 0.080078125
4 0.4462890625 0.4013671875 0.05078125 0.07421875
4 0.564453125 0.390625 0.0400390625 0.083984375
4 0.1103515625 0.4150390625 0.0927734375 0.11328125
4 0.037109375 0.3974609375 0.0302734375 0.0810546875
4 0.6064453125 0.38671875 0.01953125 0.0419921875
4 0.8388671875 0.380859375 0.0302734375 0.03125
4 0.39453125 0.3779296875 0.0244140625 0.044921875
4 0.4912109375 0.375 0.0263671875 0.056640625
4 0.21875 0.361328125 0.01171875 0.0419921875
4 0.0537109375 0.392578125 0.0615234375 0.091796875
4 0.078125 0.3798828125 0.037109375 0.07421875
4 0.2119140625 0.36328125 0.0244140625 0.041015625