6 0.7939453125 0.330078125 0.013671875 0.0205078125
6 0.2724609375 0.3251953125 0.0126953125 0.0146484375
6 0.1240234375 0.2861328125 0.0439453125 0.080078125
6 0.626953125 0.34375 0.0078125 0.01171875
6 0.3916015625 0.328125 0.01171875 0.0146484375
6 0.3779296875 0.33203125 0.01171875 0.0146484375
6 0.87109375 0.3388671875 0.009765625 0.013671875
6 0.728515625 0.3447265625 0.0068359375 0.013671875
6 0.541015625 0.3310546875 0.0107421875 0.0126953125
6 0.771484375 0.3466796875 0.0078125 0.0126953125
6 0.5703125 0.3427734375 0.0078125 0.0126953125
6 0.474609375 0.3369140625 0.0087890625 0.009765625
6 0.365234375 0.373046875 0.0126953125 0.0146484375
6 0.8115234375 0.3486328125 0.005859375 0.0087890625
6 0.1513671875 0.375 0.0126953125 0.0263671875
6 0.2568359375 0.3662109375 0.013671875 0.0205078125
6 0.4775390625 0.33203125 0.01171875 0.0107421875
6 0.7646484375 0.37109375 0.009765625 0.0107421875
6 0.458984375 0.373046875 0.0107421875 0.0107421875
6 0.525390625 0.373046875 0.009765625 0.0107421875
6 0.494140625 0.353515625 0.0048828125 0.0107421875
6 0.2490234375 0.3466796875 0.0107421875 0.013671875
6 0.845703125 0.3359375 0.0068359375 0.0107421875
6 0.814453125 0.3623046875 0.0068359375 0.0126953125
4 0.1337890625 0.5458984375 0.2646484375 0.3349609375
4 0.3740234375 0.408203125 0.060546875 0.0849609375
4 0.46875 0.404296875 0.052734375 0.076171875
4 0.7919921875 0.4326171875 0.05859375 0.10546875
4 0.5361328125 0.40625 0.0517578125 0.0791015625
4 0.7265625 0.3876953125 0.029296875 0.0625
4 0.623046875 0.3935546875 0.03515625 0.060546875
4 0.568359375 0.3994140625 0.033203125 0.0625
4 0.2705078125 0.4033203125 0.068359375 0.0986328125
4 0.845703125 0.3798828125 0.01171875 0.029296875
4 0.857421875 0.4111328125 0.0107421875 0.0322265625
4 0.765625 0.37890625 0.0244140625 0.078125
4 0.8349609375 0.3818359375 0.033203125 0.033203125
4 0.6630859375 0.3828125 0.0166015625 0.029296875
4 0.826171875 0.388671875 0.0166015625 0.037109375
4 0.501953125 0.3759765625 0.029296875 0.0595703125
4 0.193359375 0.4150390625 0.0673828125 0.099609375
4 0.8505859375 0.39453125 0.021484375 0.060546875
4 0.8681640625 0.37890625 0.03125 0.0927734375