6 0.0400390625 0.3134765625 0.017578125 0.0166015625
6 0.6474609375 0.3193359375 0.0224609375 0.0439453125
6 0.318359375 0.3212890625 0.0126953125 0.015625
6 0.255859375 0.330078125 0.0126953125 0.021484375
6 0.5126953125 0.337890625 0.009765625 0.0126953125
6 0.146484375 0.3134765625 0.0166015625 0.01953125
6 0.44140625 0.3349609375 0.0087890625 0.0146484375
6 0.7294921875 0.345703125 0.0087890625 0.0126953125
6 0.1025390625 0.369140625 0.015625 0.01953125
6 0.62109375 0.3408203125 0.013671875 0.021484375
6 0.1220703125 0.3203125 0.017578125 0.01953125
6 0.7333984375 0.3623046875 0.0087890625 0.013671875
6 0.69140625 0.376953125 0.0087890625 0.015625
6 0.4287109375 0.3740234375 0.0126953125 0.01171875
6 0.16796875 0.3505859375 0.0068359375 0.0107421875
6 0.119140625 0.3466796875 0.01171875 0.015625
6 0.1669921875 0.3544921875 0.0087890625 0.017578125
6 0.07421875 0.3515625 0.0087890625 0.021484375
6 0.21875 0.3447265625 0.0068359375 0.0087890625
6 0.09375 0.3486328125 0.0087890625 0.0146484375
6 0.716796875 0.3642578125 0.005859375 0.009765625
6 0.2373046875 0.373046875 0.01171875 0.0146484375
6 0.619140625 0.3359375 0.0087890625 0.0126953125
4 0.1181640625 0.4140625 0.0966796875 0.1103515625
4 0.4375 0.404296875 0.0517578125 0.0751953125
4 0.2529296875 0.41015625 0.0869140625 0.1025390625
4 0.3115234375 0.4150390625 0.083984375 0.0966796875
4 0.5048828125 0.3974609375 0.0517578125 0.072265625
4 0.7275390625 0.390625 0.029296875 0.0625
4 0.8388671875 0.380859375 0.0302734375 0.03125
4 0.3916015625 0.380859375 0.029296875 0.048828125
4 0.642578125 0.4716796875 0.1025390625 0.181640625
4 0.072265625 0.419921875 0.0546875 0.099609375
4 0.607421875 0.3994140625 0.03125 0.068359375
4 0.1943359375 0.3623046875 0.03125 0.0302734375
4 0.0498046875 0.42578125 0.099609375 0.1435546875
4 0.1689453125 0.359375 0.0126953125 0.0302734375