6 0.396484375 0.296875 0.021484375 0.0283203125
6 0.6435546875 0.3251953125 0.0166015625 0.0263671875
6 0.4609375 0.3330078125 0.009765625 0.013671875
6 0.7041015625 0.3388671875 0.0078125 0.01171875
6 0.8544921875 0.333984375 0.0087890625 0.0107421875
6 0.5693359375 0.3388671875 0.0087890625 0.01171875
6 0.724609375 0.345703125 0.0068359375 0.009765625
6 0.123046875 0.3173828125 0.01171875 0.0126953125
6 0.814453125 0.3447265625 0.005859375 0.009765625
6 0.5771484375 0.3369140625 0.0087890625 0.0107421875
6 0.134765625 0.3212890625 0.0126953125 0.01953125
6 0.6767578125 0.345703125 0.0068359375 0.01171875
6 0.115234375 0.3369140625 0.0126953125 0.0185546875
6 0.65625 0.333984375 0.01171875 0.0322265625
6 0.115234375 0.3408203125 0.009765625 0.013671875
6 0.4931640625 0.3515625 0.0068359375 0.0126953125
6 0.6767578125 0.3515625 0.0068359375 0.0107421875
4 0.390625 0.4677734375 0.1357421875 0.1796875
4 0.1162109375 0.4130859375 0.0888671875 0.0986328125
4 0.650390625 0.4423828125 0.0712890625 0.123046875
4 0.5654296875 0.400390625 0.0400390625 0.0634765625
4 0.4580078125 0.40234375 0.046875 0.0703125
4 0.8505859375 0.3935546875 0.025390625 0.0615234375
4 0.4912109375 0.3759765625 0.0322265625 0.05859375
4 0.7021484375 0.3955078125 0.03515625 0.0634765625
4 0.8154296875 0.38671875 0.0283203125 0.0458984375
4 0.7236328125 0.388671875 0.025390625 0.048828125
4 0.1884765625 0.3603515625 0.0322265625 0.03125
4 0.59765625 0.3857421875 0.0263671875 0.041015625
4 0.224609375 0.3583984375 0.017578125 0.03515625
4 0.6865234375 0.396484375 0.0244140625 0.0625
4 0.0302734375 0.39453125 0.03125 0.083984375
4 0.0517578125 0.392578125 0.07421875 0.0966796875
4 0.4794921875 0.3857421875 0.0244140625 0.046875
4 0.1630859375 0.357421875 0.013671875 0.02734375