6 0.4580078125 0.328125 0.01171875 0.0146484375
6 0.4169921875 0.3046875 0.03125 0.05859375
6 0.8681640625 0.3349609375 0.0126953125 0.0185546875
6 0.28515625 0.328125 0.013671875 0.0185546875
6 0.302734375 0.322265625 0.013671875 0.0146484375
6 0.1884765625 0.3212890625 0.0126953125 0.0146484375
6 0.78125 0.3466796875 0.0068359375 0.0107421875
6 0.5205078125 0.3388671875 0.0078125 0.01171875
6 0.716796875 0.34375 0.0078125 0.0126953125
6 0.58203125 0.341796875 0.0087890625 0.01171875
6 0.6884765625 0.3427734375 0.0068359375 0.013671875
6 0.2705078125 0.3720703125 0.0126953125 0.015625
6 0.3935546875 0.33203125 0.0107421875 0.0126953125
6 0.8798828125 0.3359375 0.0078125 0.0107421875
6 0.216796875 0.3447265625 0.0068359375 0.0087890625
6 0.169921875 0.3681640625 0.009765625 0.013671875
6 0.5673828125 0.35546875 0.0087890625 0.01171875
6 0.1669921875 0.349609375 0.0078125 0.0107421875
6 0.7802734375 0.3623046875 0.009765625 0.0126953125
6 0.76953125 0.3642578125 0.0048828125 0.0087890625
6 0.376953125 0.373046875 0.01171875 0.013671875
6 0.4990234375 0.35546875 0.009765625 0.0146484375
6 0.4423828125 0.373046875 0.0078125 0.0126953125
6 0.4970703125 0.353515625 0.005859375 0.009765625
4 0.28125 0.41015625 0.072265625 0.0947265625
4 0.7783203125 0.388671875 0.025390625 0.0556640625
4 0.412109375 0.509765625 0.171875 0.2412109375
4 0.580078125 0.3955078125 0.0390625 0.064453125
4 0.5166015625 0.4013671875 0.0419921875 0.06640625
4 0.1923828125 0.4072265625 0.0625 0.1025390625
4 0.7109375 0.3916015625 0.0341796875 0.0625
4 0.37109375 0.40234375 0.029296875 0.078125
4 0.462890625 0.4013671875 0.046875 0.080078125
4 0.6904296875 0.392578125 0.0419921875 0.0625
4 0.4931640625 0.3759765625 0.0263671875 0.0556640625
4 0.853515625 0.4306640625 0.021484375 0.0810546875
4 0.837890625 0.3818359375 0.03125 0.03515625
4 0.8427734375 0.41796875 0.0419921875 0.1064453125
4 0.5634765625 0.3720703125 0.0205078125 0.0498046875
4 0.6044921875 0.3857421875 0.0205078125 0.0390625
4 0.408203125 0.4013671875 0.10546875 0.080078125
4 0.376953125 0.3837890625 0.0419921875 0.1162109375