6 0.83203125 0.3349609375 0.0107421875 0.0166015625
6 0.7373046875 0.3251953125 0.013671875 0.01953125
6 0.650390625 0.345703125 0.0068359375 0.01171875
6 0.515625 0.3388671875 0.0078125 0.0107421875
6 0.8671875 0.337890625 0.0087890625 0.01171875
6 0.5830078125 0.3330078125 0.009765625 0.01171875
6 0.4267578125 0.3349609375 0.0107421875 0.0126953125
6 0.798828125 0.345703125 0.0068359375 0.01171875
6 0.595703125 0.34375 0.0068359375 0.0126953125
6 0.4384765625 0.330078125 0.0107421875 0.01171875
6 0.31640625 0.3291015625 0.0107421875 0.015625
6 0.302734375 0.369140625 0.0107421875 0.013671875
6 0.841796875 0.34375 0.009765625 0.0205078125
6 0.8603515625 0.3349609375 0.0078125 0.0146484375
6 0.50390625 0.3740234375 0.01171875 0.0107421875
6 0.4140625 0.3720703125 0.01171875 0.0126953125
6 0.5771484375 0.3017578125 0.0087890625 0.01171875
6 0.494140625 0.3544921875 0.005859375 0.0107421875
4 0.734375 0.44140625 0.0654296875 0.107421875
4 0.6474609375 0.392578125 0.0302734375 0.05859375
4 0.3154296875 0.40625 0.0634765625 0.0888671875
4 0.4228515625 0.40625 0.056640625 0.080078125
4 0.0283203125 0.6044921875 0.056640625 0.2412109375
4 0.5107421875 0.4033203125 0.0458984375 0.0712890625
4 0.837890625 0.42578125 0.0478515625 0.0927734375
4 0.794921875 0.3896484375 0.0263671875 0.0537109375
4 0.5791015625 0.404296875 0.046875 0.0751953125
4 0.390625 0.380859375 0.0244140625 0.0498046875
4 0.6015625 0.3994140625 0.021484375 0.0556640625
4 0.486328125 0.375 0.0341796875 0.052734375
4 0.6630859375 0.3828125 0.0166015625 0.03125
4 0.5625 0.3740234375 0.0224609375 0.0498046875
4 0.8642578125 0.3798828125 0.017578125 0.0419921875
4 0.3994140625 0.375 0.041015625 0.0634765625