6 0.6572265625 0.318359375 0.0224609375 0.0390625
6 0.30859375 0.3212890625 0.013671875 0.015625
6 0.029296875 0.3154296875 0.015625 0.017578125
6 0.248046875 0.328125 0.0126953125 0.0166015625
6 0.5087890625 0.3388671875 0.009765625 0.0146484375
6 0.7255859375 0.3466796875 0.0068359375 0.0126953125
6 0.134765625 0.3134765625 0.017578125 0.0205078125
6 0.4365234375 0.3349609375 0.009765625 0.01171875
6 0.6123046875 0.3369140625 0.0068359375 0.009765625
6 0.1103515625 0.3203125 0.017578125 0.01953125
6 0.08984375 0.3701171875 0.0146484375 0.0205078125
6 0.7255859375 0.365234375 0.013671875 0.0185546875
6 0.21875 0.3447265625 0.0068359375 0.0087890625
6 0.62109375 0.33984375 0.0068359375 0.013671875
6 0.423828125 0.375 0.013671875 0.01171875
6 0.1083984375 0.3447265625 0.009765625 0.0146484375
6 0.2294921875 0.375 0.0107421875 0.013671875
6 0.6025390625 0.373046875 0.01171875 0.01171875
6 0.07421875 0.3515625 0.0087890625 0.021484375
4 0.65234375 0.466796875 0.099609375 0.1875
4 0.431640625 0.4052734375 0.0517578125 0.0751953125
4 0.107421875 0.4150390625 0.0986328125 0.1123046875
4 0.302734375 0.4150390625 0.0830078125 0.0986328125
4 0.50390625 0.3974609375 0.044921875 0.0732421875
4 0.244140625 0.412109375 0.087890625 0.1005859375
4 0.7236328125 0.3916015625 0.0302734375 0.0625
4 0.837890625 0.3818359375 0.0302734375 0.03125
4 0.3935546875 0.3818359375 0.0263671875 0.0498046875
4 0.6083984375 0.3984375 0.0439453125 0.0712890625
4 0.0439453125 0.423828125 0.087890625 0.1474609375
4 0.1962890625 0.36328125 0.03125 0.03125
4 0.4033203125 0.375 0.0458984375 0.0654296875
4 0.478515625 0.3798828125 0.021484375 0.041015625
4 0.064453125 0.4228515625 0.048828125 0.0966796875