6 0.4814453125 0.3330078125 0.0107421875 0.0205078125
6 0.03125 0.306640625 0.017578125 0.0185546875
6 0.365234375 0.3251953125 0.01171875 0.01953125
6 0.0537109375 0.3125 0.0146484375 0.013671875
6 0.228515625 0.3212890625 0.0146484375 0.017578125
6 0.16796875 0.3359375 0.0048828125 0.0087890625
6 0.84375 0.3505859375 0.0068359375 0.009765625
6 0.83203125 0.3486328125 0.005859375 0.0087890625
6 0.873046875 0.3505859375 0.005859375 0.0078125
6 0.0751953125 0.3486328125 0.009765625 0.0224609375
6 0.40625 0.345703125 0.0078125 0.0126953125
6 0.0478515625 0.31640625 0.009765625 0.0107421875
4 0.224609375 0.4052734375 0.0791015625 0.09765625
4 0.4765625 0.3974609375 0.052734375 0.08984375
4 0.3642578125 0.404296875 0.0615234375 0.0859375
4 0.0400390625 0.4150390625 0.080078125 0.1162109375
4 0.1689453125 0.3671875 0.015625 0.0380859375
4 0.841796875 0.3837890625 0.021484375 0.0478515625
4 0.1943359375 0.3603515625 0.02734375 0.03125
4 0.3955078125 0.3779296875 0.0244140625 0.046875
4 0.5703125 0.373046875 0.0302734375 0.0576171875
4 0.8701171875 0.369140625 0.0146484375 0.0439453125
4 0.5029296875 0.3759765625 0.0224609375 0.0595703125
4 0.658203125 0.37890625 0.033203125 0.03125
4 0.6064453125 0.384765625 0.01953125 0.04296875
4 0.8271484375 0.3818359375 0.013671875 0.044921875
4 0.072265625 0.41796875 0.048828125 0.09765625
4 0.5849609375 0.3759765625 0.0615234375 0.0615234375
4 0.7568359375 0.3740234375 0.025390625 0.03125
4 0.1015625 0.384765625 0.0263671875 0.0537109375
4 0.1240234375 0.3720703125 0.033203125 0.0458984375
4 0.0830078125 0.39453125 0.029296875 0.0986328125