6 0.4033203125 0.326171875 0.0126953125 0.0146484375
6 0.5283203125 0.3125 0.0263671875 0.052734375
6 0.3408203125 0.3349609375 0.009765625 0.021484375
6 0.1318359375 0.318359375 0.013671875 0.013671875
6 0.76171875 0.34765625 0.0068359375 0.0107421875
6 0.4892578125 0.3388671875 0.0078125 0.01171875
6 0.2236328125 0.326171875 0.013671875 0.0166015625
6 0.5546875 0.33984375 0.0087890625 0.01171875
6 0.2431640625 0.3203125 0.013671875 0.0185546875
6 0.6796875 0.3408203125 0.0068359375 0.01171875
6 0.6640625 0.33984375 0.005859375 0.0107421875
6 0.20703125 0.3720703125 0.013671875 0.0185546875
6 0.8837890625 0.3359375 0.005859375 0.0107421875
6 0.1669921875 0.3505859375 0.0068359375 0.01171875
6 0.32421875 0.373046875 0.01171875 0.013671875
6 0.474609375 0.3642578125 0.005859375 0.0107421875
4 0.2197265625 0.4140625 0.0810546875 0.0986328125
4 0.333984375 0.408203125 0.068359375 0.0869140625
4 0.5244140625 0.4951171875 0.134765625 0.205078125
4 0.3974609375 0.41015625 0.068359375 0.09375
4 0.7568359375 0.3896484375 0.029296875 0.060546875
4 0.67578125 0.39453125 0.03515625 0.064453125
4 0.482421875 0.4013671875 0.0380859375 0.07421875
4 0.142578125 0.4140625 0.0576171875 0.0966796875
4 0.8388671875 0.380859375 0.0302734375 0.0322265625
4 0.6552734375 0.3916015625 0.0224609375 0.064453125
4 0.6064453125 0.3876953125 0.01953125 0.0400390625
4 0.1923828125 0.3623046875 0.0234375 0.029296875
4 0.5712890625 0.3857421875 0.025390625 0.064453125
4 0.1123046875 0.3486328125 0.01953125 0.0263671875