6 0.3701171875 0.32421875 0.0126953125 0.015625
6 0.5810546875 0.314453125 0.0244140625 0.0478515625
6 0.4716796875 0.337890625 0.0087890625 0.0146484375
6 0.5380859375 0.3408203125 0.009765625 0.015625
6 0.0966796875 0.3173828125 0.0146484375 0.0166015625
6 0.30859375 0.3291015625 0.0107421875 0.013671875
6 0.2060546875 0.318359375 0.017578125 0.021484375
6 0.75 0.3466796875 0.0068359375 0.0107421875
6 0.185546875 0.322265625 0.015625 0.01953125
6 0.6484375 0.341796875 0.0068359375 0.0146484375
6 0.65625 0.341796875 0.0078125 0.0146484375
6 0.1396484375 0.33984375 0.005859375 0.0087890625
6 0.2900390625 0.3740234375 0.013671875 0.013671875
6 0.1435546875 0.337890625 0.0078125 0.009765625
6 0.5654296875 0.32421875 0.01171875 0.0263671875
6 0.16796875 0.3525390625 0.009765625 0.015625
6 0.740234375 0.3564453125 0.0078125 0.0146484375
6 0.6103515625 0.3798828125 0.01171875 0.0185546875
6 0.095703125 0.3046875 0.009765625 0.01171875
6 0.7421875 0.3525390625 0.005859375 0.01171875
6 0.1962890625 0.3232421875 0.0107421875 0.017578125
6 0.6103515625 0.375 0.0107421875 0.01171875
4 0.2998046875 0.4091796875 0.0693359375 0.0908203125
4 0.181640625 0.416015625 0.087890625 0.0986328125
4 0.466796875 0.40234375 0.0478515625 0.0751953125
4 0.3642578125 0.4111328125 0.07421875 0.09765625
4 0.5341796875 0.3994140625 0.041015625 0.064453125
4 0.7470703125 0.388671875 0.0283203125 0.0625
4 0.650390625 0.3974609375 0.04296875 0.064453125
4 0.8388671875 0.380859375 0.0302734375 0.0322265625
4 0.5771484375 0.4833984375 0.119140625 0.197265625
4 0.103515625 0.4052734375 0.0703125 0.1162109375
4 0.501953125 0.3779296875 0.029296875 0.0576171875
4 0.0703125 0.4228515625 0.1376953125 0.150390625
4 0.8564453125 0.3720703125 0.0205078125 0.03125
4 0.39453125 0.3818359375 0.0244140625 0.0498046875