6 0.1962890625 0.28515625 0.0283203125 0.0390625
6 0.501953125 0.3359375 0.009765625 0.013671875
6 0.6064453125 0.341796875 0.0087890625 0.0126953125
6 0.8779296875 0.3271484375 0.01171875 0.01953125
6 0.736328125 0.33984375 0.0087890625 0.01171875
6 0.5595703125 0.3173828125 0.01953125 0.029296875
6 0.8515625 0.3359375 0.0068359375 0.009765625
6 0.615234375 0.3369140625 0.0078125 0.01171875
6 0.572265625 0.3291015625 0.0146484375 0.03515625
6 0.6796875 0.3408203125 0.0068359375 0.0087890625
6 0.74609375 0.3466796875 0.0068359375 0.01171875
6 0.2099609375 0.3212890625 0.009765625 0.0185546875
6 0.7001953125 0.345703125 0.0068359375 0.0107421875
6 0.4462890625 0.330078125 0.009765625 0.0107421875
6 0.1396484375 0.3330078125 0.0078125 0.0087890625
6 0.162109375 0.3486328125 0.0068359375 0.0107421875
6 0.7001953125 0.3525390625 0.0078125 0.0107421875
6 0.8330078125 0.3466796875 0.0068359375 0.0107421875
6 0.5751953125 0.30078125 0.0087890625 0.013671875
6 0.5810546875 0.322265625 0.0126953125 0.025390625
6 0.58203125 0.326171875 0.0087890625 0.015625
6 0.0634765625 0.3671875 0.0107421875 0.0146484375
6 0.69140625 0.357421875 0.0068359375 0.01171875
4 0.189453125 0.4892578125 0.1904296875 0.21484375
4 0.498046875 0.3974609375 0.0478515625 0.076171875
4 0.568359375 0.4462890625 0.08203125 0.1474609375
4 0.6767578125 0.392578125 0.033203125 0.05859375
4 0.60546875 0.396484375 0.0322265625 0.0615234375
4 0.6943359375 0.3916015625 0.0302734375 0.0537109375
4 0.732421875 0.392578125 0.03125 0.0625
4 0.0302734375 0.3955078125 0.0302734375 0.0830078125
4 0.8291015625 0.380859375 0.01953125 0.0537109375
4 0.751953125 0.3876953125 0.021484375 0.044921875
4 0.07421875 0.404296875 0.0322265625 0.0791015625
4 0.1630859375 0.357421875 0.0146484375 0.0283203125
4 0.1220703125 0.369140625 0.0185546875 0.041015625
4 0.861328125 0.4111328125 0.0458984375 0.18359375
4 0.052734375 0.3984375 0.0751953125 0.0927734375
4 0.6689453125 0.3935546875 0.0166015625 0.0546875
4 0.845703125 0.390625 0.017578125 0.0625
4 0.8330078125 0.365234375 0.0263671875 0.083984375
4 0.849609375 0.4443359375 0.0224609375 0.1171875
4 0.703125 0.392578125 0.013671875 0.044921875