6 0.798828125 0.328125 0.0185546875 0.0341796875
6 0.5400390625 0.3359375 0.0107421875 0.0185546875
6 0.421875 0.33203125 0.0107421875 0.0146484375
6 0.1201171875 0.3125 0.017578125 0.0205078125
6 0.65625 0.3427734375 0.0078125 0.0166015625
6 0.4638671875 0.3310546875 0.0107421875 0.0185546875
6 0.3291015625 0.330078125 0.009765625 0.0166015625
6 0.0537109375 0.322265625 0.0146484375 0.02734375
6 0.052734375 0.314453125 0.0146484375 0.013671875
6 0.02734375 0.37109375 0.01171875 0.017578125
6 0.1513671875 0.337890625 0.005859375 0.0087890625
6 0.0751953125 0.3486328125 0.0087890625 0.0224609375
6 0.8310546875 0.376953125 0.0087890625 0.0146484375
6 0.146484375 0.337890625 0.0068359375 0.0107421875
6 0.111328125 0.2998046875 0.0087890625 0.013671875
6 0.3134765625 0.3720703125 0.009765625 0.013671875
6 0.4052734375 0.34765625 0.0078125 0.0126953125
6 0.21875 0.34375 0.0068359375 0.0087890625
6 0.0966796875 0.3095703125 0.0107421875 0.017578125
6 0.0927734375 0.3623046875 0.0087890625 0.0126953125
4 0.7939453125 0.451171875 0.0712890625 0.1376953125
4 0.32421875 0.40625 0.0654296875 0.083984375
4 0.0478515625 0.419921875 0.0947265625 0.1162109375
4 0.6533203125 0.3916015625 0.0361328125 0.0703125
4 0.537109375 0.3984375 0.0400390625 0.0712890625
4 0.111328125 0.419921875 0.1064453125 0.11328125
4 0.4560546875 0.4052734375 0.0595703125 0.0791015625
4 0.4169921875 0.400390625 0.0537109375 0.0810546875
4 0.8408203125 0.3798828125 0.0263671875 0.03125
4 0.49609375 0.375 0.0322265625 0.0576171875
4 0.15234375 0.3662109375 0.0107421875 0.03125
4 0.6064453125 0.38671875 0.01953125 0.041015625
4 0.8271484375 0.3857421875 0.0166015625 0.037109375
4 0.392578125 0.37890625 0.021484375 0.048828125
4 0.1962890625 0.361328125 0.029296875 0.0302734375
4 0.7568359375 0.3759765625 0.0263671875 0.03125
4 0.1474609375 0.3662109375 0.021484375 0.03515625