6 0.361328125 0.32421875 0.0126953125 0.0166015625
6 0.087890625 0.31640625 0.0146484375 0.0166015625
6 0.5927734375 0.314453125 0.0224609375 0.0458984375
6 0.5341796875 0.3388671875 0.0087890625 0.0126953125
6 0.466796875 0.3369140625 0.0087890625 0.0126953125
6 0.2998046875 0.3291015625 0.01171875 0.0126953125
6 0.197265625 0.31640625 0.0146484375 0.0166015625
6 0.74609375 0.3466796875 0.0087890625 0.013671875
6 0.1572265625 0.373046875 0.015625 0.021484375
6 0.650390625 0.3408203125 0.0087890625 0.0146484375
6 0.1748046875 0.3212890625 0.0146484375 0.013671875
6 0.142578125 0.33984375 0.009765625 0.0107421875
6 0.17578125 0.33203125 0.01171875 0.0146484375
6 0.2822265625 0.3740234375 0.0126953125 0.0146484375
6 0.21875 0.3447265625 0.0078125 0.0087890625
6 0.173828125 0.345703125 0.0087890625 0.0126953125
6 0.64453125 0.3408203125 0.0068359375 0.013671875
6 0.7333984375 0.365234375 0.005859375 0.009765625
6 0.75 0.361328125 0.0068359375 0.0107421875
6 0.2080078125 0.3134765625 0.01171875 0.0146484375
6 0.1796875 0.328125 0.0087890625 0.01171875
4 0.1708984375 0.4150390625 0.08984375 0.103515625
4 0.2958984375 0.4111328125 0.080078125 0.091796875
4 0.462890625 0.4033203125 0.0478515625 0.0732421875
4 0.35546875 0.4130859375 0.072265625 0.09375
4 0.5888671875 0.486328125 0.1162109375 0.1826171875
4 0.5302734375 0.3984375 0.04296875 0.0673828125
4 0.744140625 0.3896484375 0.0283203125 0.0625
4 0.8388671875 0.3818359375 0.0302734375 0.03125
4 0.6455078125 0.396484375 0.041015625 0.06640625
4 0.0673828125 0.4267578125 0.1318359375 0.142578125
4 0.39453125 0.380859375 0.025390625 0.046875
4 0.498046875 0.3779296875 0.02734375 0.0576171875
4 0.857421875 0.3720703125 0.0205078125 0.03125
4 0.5615234375 0.373046875 0.0166015625 0.05078125
4 0.1015625 0.41015625 0.0634765625 0.109375