6 0.853515625 0.330078125 0.017578125 0.03125
6 0.2626953125 0.326171875 0.01171875 0.0205078125
6 0.361328125 0.3251953125 0.01171875 0.0185546875
6 0.6123046875 0.33984375 0.009765625 0.0185546875
6 0.4931640625 0.33203125 0.009765625 0.0166015625
6 0.37109375 0.3291015625 0.009765625 0.0166015625
6 0.2529296875 0.3447265625 0.0146484375 0.0185546875
6 0.220703125 0.3427734375 0.0068359375 0.009765625
6 0.345703125 0.37109375 0.013671875 0.015625
6 0.2470703125 0.37109375 0.01171875 0.0146484375
6 0.2783203125 0.345703125 0.013671875 0.01953125
6 0.15625 0.3359375 0.0048828125 0.0078125
6 0.4072265625 0.3447265625 0.0087890625 0.01171875
6 0.3896484375 0.3642578125 0.0107421875 0.0146484375
4 0.8447265625 0.4453125 0.0546875 0.1220703125
4 0.2568359375 0.4091796875 0.07421875 0.087890625
4 0.4912109375 0.3974609375 0.0458984375 0.080078125
4 0.3603515625 0.40625 0.0751953125 0.091796875
4 0.6083984375 0.39453125 0.0400390625 0.07421875
4 0.0263671875 0.4306640625 0.052734375 0.1005859375
4 0.1572265625 0.3662109375 0.0126953125 0.033203125
4 0.1962890625 0.3603515625 0.033203125 0.0322265625
4 0.078125 0.4052734375 0.0380859375 0.080078125
4 0.5712890625 0.37109375 0.029296875 0.05078125
4 0.3955078125 0.3759765625 0.025390625 0.044921875
4 0.6591796875 0.37890625 0.0302734375 0.0302734375
4 0.0595703125 0.400390625 0.076171875 0.0908203125
4 0.123046875 0.3701171875 0.0341796875 0.044921875