6 0.2900390625 0.32421875 0.01171875 0.0166015625
6 0.5390625 0.337890625 0.0107421875 0.021484375
6 0.1796875 0.3154296875 0.0166015625 0.015625
6 0.41796875 0.328125 0.01171875 0.017578125
6 0.1484375 0.318359375 0.0126953125 0.0126953125
6 0.8681640625 0.3505859375 0.0068359375 0.0087890625
6 0.1259765625 0.3720703125 0.0126953125 0.0166015625
6 0.8505859375 0.349609375 0.0048828125 0.0078125
6 0.1591796875 0.31640625 0.0126953125 0.0146484375
6 0.15625 0.37109375 0.0166015625 0.0185546875
6 0.2197265625 0.345703125 0.0068359375 0.0087890625
6 0.1650390625 0.345703125 0.0107421875 0.015625
6 0.2734375 0.365234375 0.013671875 0.013671875
6 0.076171875 0.349609375 0.0087890625 0.021484375
6 0.4072265625 0.3486328125 0.0107421875 0.0185546875
6 0.166015625 0.3359375 0.0068359375 0.01171875
6 0.1982421875 0.353515625 0.009765625 0.013671875
4 0.28515625 0.4033203125 0.0712890625 0.091796875
4 0.5341796875 0.396484375 0.044921875 0.08203125
4 0.171875 0.412109375 0.0947265625 0.1064453125
4 0.4169921875 0.4033203125 0.0537109375 0.080078125
4 0.12109375 0.4111328125 0.056640625 0.1044921875
4 0.494140625 0.375 0.0322265625 0.0546875
4 0.396484375 0.37890625 0.0244140625 0.0517578125
4 0.6591796875 0.3798828125 0.03125 0.0302734375
4 0.8369140625 0.3779296875 0.025390625 0.0302734375
4 0.607421875 0.384765625 0.0185546875 0.0400390625
4 0.0771484375 0.3935546875 0.0419921875 0.1025390625
4 0.0380859375 0.396484375 0.0322265625 0.08203125
4 0.865234375 0.373046875 0.0185546875 0.0556640625
4 0.5703125 0.3740234375 0.0283203125 0.056640625
4 0.853515625 0.3818359375 0.0244140625 0.0458984375
4 0.8486328125 0.3779296875 0.048828125 0.0546875
4 0.2041015625 0.3603515625 0.0224609375 0.029296875
4 0.26171875 0.3642578125 0.0458984375 0.0595703125
4 0.091796875 0.3994140625 0.052734375 0.08984375