6 0.8681640625 0.3310546875 0.0166015625 0.029296875
6 0.3544921875 0.326171875 0.0107421875 0.013671875
6 0.478515625 0.33203125 0.0107421875 0.0205078125
6 0.2412109375 0.3251953125 0.0126953125 0.0224609375
6 0.3291015625 0.3212890625 0.01171875 0.015625
6 0.5986328125 0.3388671875 0.009765625 0.0166015625
6 0.2236328125 0.37109375 0.013671875 0.0166015625
6 0.158203125 0.3349609375 0.0048828125 0.0078125
6 0.220703125 0.34375 0.0078125 0.0087890625
6 0.076171875 0.3486328125 0.0087890625 0.0234375
6 0.4072265625 0.345703125 0.0087890625 0.01171875
6 0.1279296875 0.3447265625 0.0048828125 0.0087890625
6 0.3115234375 0.3701171875 0.013671875 0.015625
6 0.5693359375 0.353515625 0.009765625 0.013671875
4 0.2353515625 0.408203125 0.0771484375 0.091796875
4 0.4775390625 0.400390625 0.0458984375 0.076171875
4 0.3232421875 0.40625 0.0732421875 0.0966796875
4 0.595703125 0.39453125 0.0419921875 0.0751953125
4 0.8505859375 0.4501953125 0.03515625 0.1044921875
4 0.3955078125 0.3779296875 0.025390625 0.048828125
4 0.158203125 0.3662109375 0.0126953125 0.0322265625
4 0.197265625 0.3603515625 0.033203125 0.03125
4 0.0380859375 0.40625 0.029296875 0.0615234375
4 0.3603515625 0.4033203125 0.0439453125 0.076171875
4 0.8349609375 0.37890625 0.0224609375 0.025390625
4 0.5703125 0.3701171875 0.02734375 0.0517578125
4 0.5029296875 0.375 0.0224609375 0.056640625
4 0.123046875 0.3701171875 0.033203125 0.044921875
4 0.66015625 0.37890625 0.0302734375 0.0302734375
4 0.080078125 0.404296875 0.0361328125 0.080078125
4 0.060546875 0.3994140625 0.07421875 0.0908203125
4 0.1708984375 0.3583984375 0.01171875 0.02734375
4 0.0078125 0.43359375 0.0146484375 0.0986328125