6 0.54296875 0.3125 0.0263671875 0.0478515625
6 0.3955078125 0.3251953125 0.0126953125 0.015625
6 0.3330078125 0.33203125 0.0107421875 0.0166015625
6 0.234375 0.3193359375 0.013671875 0.0166015625
6 0.21484375 0.3251953125 0.013671875 0.0185546875
6 0.7587890625 0.3466796875 0.0068359375 0.0126953125
6 0.4853515625 0.3388671875 0.0078125 0.013671875
6 0.673828125 0.3408203125 0.0068359375 0.01171875
6 0.1240234375 0.318359375 0.013671875 0.013671875
6 0.66015625 0.3408203125 0.0068359375 0.0107421875
6 0.7626953125 0.3623046875 0.0068359375 0.01171875
6 0.74609375 0.365234375 0.005859375 0.009765625
6 0.5791015625 0.3017578125 0.009765625 0.013671875
6 0.3154296875 0.373046875 0.0107421875 0.0146484375
6 0.197265625 0.3720703125 0.013671875 0.015625
6 0.16796875 0.349609375 0.0068359375 0.0107421875
6 0.1396484375 0.337890625 0.0068359375 0.01171875
6 0.14453125 0.3369140625 0.0078125 0.0107421875
4 0.2099609375 0.412109375 0.08203125 0.1005859375
4 0.3251953125 0.408203125 0.0673828125 0.0888671875
4 0.482421875 0.4013671875 0.0478515625 0.0732421875
4 0.388671875 0.412109375 0.0712890625 0.08984375
4 0.669921875 0.396484375 0.03515625 0.0615234375
4 0.8388671875 0.3818359375 0.0302734375 0.033203125
4 0.6494140625 0.39453125 0.0185546875 0.056640625
4 0.134765625 0.4140625 0.056640625 0.095703125
4 0.6064453125 0.38671875 0.0205078125 0.0390625
4 0.1923828125 0.361328125 0.0263671875 0.0302734375
4 0.755859375 0.3896484375 0.02734375 0.060546875
4 0.5869140625 0.390625 0.0224609375 0.0556640625
4 0.5390625 0.4921875 0.1298828125 0.2021484375
4 0.5791015625 0.384765625 0.0361328125 0.068359375
4 0.16796875 0.359375 0.013671875 0.0283203125