6 0.7333984375 0.3251953125 0.01953125 0.0400390625
6 0.0302734375 0.3076171875 0.0185546875 0.0224609375
6 0.548828125 0.3349609375 0.009765625 0.0146484375
6 0.4697265625 0.3359375 0.009765625 0.013671875
6 0.224609375 0.3173828125 0.015625 0.017578125
6 0.6953125 0.3447265625 0.0087890625 0.0166015625
6 0.583984375 0.33984375 0.0087890625 0.0126953125
6 0.1396484375 0.373046875 0.0166015625 0.0185546875
6 0.14453125 0.3388671875 0.005859375 0.0107421875
6 0.388671875 0.33203125 0.009765625 0.013671875
6 0.5830078125 0.322265625 0.0185546875 0.0302734375
6 0.1640625 0.3212890625 0.0107421875 0.01171875
6 0.1640625 0.3271484375 0.0126953125 0.0234375
6 0.3740234375 0.373046875 0.009765625 0.0126953125
6 0.07421875 0.349609375 0.009765625 0.0224609375
6 0.224609375 0.3271484375 0.0166015625 0.037109375
6 0.1455078125 0.3544921875 0.01171875 0.0166015625
6 0.1611328125 0.3330078125 0.0087890625 0.0146484375
6 0.005859375 0.310546875 0.01171875 0.02734375
4 0.73046875 0.4541015625 0.087890625 0.171875
4 0.2177734375 0.4150390625 0.0927734375 0.1083984375
4 0.384765625 0.4033203125 0.0576171875 0.08203125
4 0.154296875 0.4140625 0.0927734375 0.1064453125
4 0.466796875 0.400390625 0.0517578125 0.0732421875
4 0.5419921875 0.4013671875 0.044921875 0.076171875
4 0.0263671875 0.4287109375 0.052734375 0.091796875
4 0.8388671875 0.380859375 0.0302734375 0.0302734375
4 0.072265625 0.4033203125 0.048828125 0.0908203125
4 0.5810546875 0.3974609375 0.041015625 0.06640625
4 0.1220703125 0.373046875 0.0322265625 0.0556640625
4 0.60546875 0.3857421875 0.021484375 0.0390625
4 0.1962890625 0.3623046875 0.0361328125 0.0302734375
4 0.49609375 0.376953125 0.033203125 0.05859375
4 0.6923828125 0.390625 0.033203125 0.0693359375