6 0.8330078125 0.330078125 0.017578125 0.0322265625
6 0.048828125 0.306640625 0.0185546875 0.01953125
6 0.2900390625 0.328125 0.01171875 0.0185546875
6 0.51171875 0.333984375 0.0107421875 0.017578125
6 0.630859375 0.33984375 0.0087890625 0.017578125
6 0.404296875 0.3271484375 0.01171875 0.0166015625
6 0.154296875 0.3369140625 0.005859375 0.0087890625
6 0.2734375 0.37109375 0.0126953125 0.0146484375
6 0.3916015625 0.33203125 0.0107421875 0.017578125
6 0.2197265625 0.34375 0.0068359375 0.0087890625
6 0.126953125 0.3447265625 0.0048828125 0.009765625
6 0.0751953125 0.349609375 0.0087890625 0.0224609375
6 0.3759765625 0.3662109375 0.013671875 0.0126953125
4 0.509765625 0.3984375 0.0439453125 0.0751953125
4 0.2841796875 0.4072265625 0.0693359375 0.0869140625
4 0.828125 0.44921875 0.0654296875 0.125
4 0.0498046875 0.4228515625 0.099609375 0.1201171875
4 0.3984375 0.4072265625 0.064453125 0.083984375
4 0.626953125 0.3935546875 0.037109375 0.0712890625
4 0.1552734375 0.3662109375 0.01171875 0.03125
4 0.66796875 0.380859375 0.013671875 0.0302734375
4 0.373046875 0.4013671875 0.0302734375 0.0771484375
4 0.1962890625 0.3603515625 0.0302734375 0.0322265625
4 0.5703125 0.373046875 0.0322265625 0.0546875
4 0.607421875 0.3837890625 0.01953125 0.0458984375
4 0.48046875 0.3798828125 0.0244140625 0.044921875