6 0.4365234375 0.2998046875 0.01953125 0.0263671875
6 0.662109375 0.328125 0.0146484375 0.0283203125
6 0.85546875 0.3349609375 0.0087890625 0.01171875
6 0.6962890625 0.3388671875 0.0087890625 0.01171875
6 0.6357421875 0.3427734375 0.0068359375 0.01171875
6 0.4521484375 0.3330078125 0.0107421875 0.013671875
6 0.115234375 0.322265625 0.0126953125 0.0166015625
6 0.1044921875 0.318359375 0.01171875 0.0126953125
6 0.5673828125 0.3359375 0.0068359375 0.0107421875
6 0.810546875 0.345703125 0.0087890625 0.01171875
6 0.7197265625 0.345703125 0.005859375 0.009765625
6 0.1376953125 0.333984375 0.0078125 0.009765625
6 0.6748046875 0.3359375 0.0126953125 0.0341796875
6 0.55859375 0.341796875 0.0107421875 0.017578125
6 0.162109375 0.349609375 0.0068359375 0.0107421875
6 0.068359375 0.3486328125 0.0087890625 0.0205078125
6 0.4931640625 0.3515625 0.0068359375 0.0107421875
4 0.431640625 0.466796875 0.125 0.1669921875
4 0.6279296875 0.3974609375 0.0283203125 0.0595703125
4 0.095703125 0.4140625 0.0908203125 0.1015625
4 0.5546875 0.400390625 0.0400390625 0.0654296875
4 0.6708984375 0.4375 0.0751953125 0.1279296875
4 0.8076171875 0.3857421875 0.021484375 0.048828125
4 0.8515625 0.392578125 0.02734375 0.0625
4 0.7158203125 0.3896484375 0.0283203125 0.05078125
4 0.189453125 0.3603515625 0.03125 0.03125
4 0.4873046875 0.380859375 0.0400390625 0.0498046875
4 0.0419921875 0.39453125 0.052734375 0.0849609375
4 0.6005859375 0.38671875 0.0205078125 0.0390625
4 0.4765625 0.3818359375 0.02734375 0.044921875
4 0.7021484375 0.3955078125 0.025390625 0.05859375
4 0.7490234375 0.3740234375 0.02734375 0.0380859375
4 0.15625 0.3583984375 0.0263671875 0.0263671875