6 0.3115234375 0.3251953125 0.01171875 0.0146484375
6 0.5595703125 0.337890625 0.0107421875 0.0185546875
6 0.4384765625 0.3291015625 0.0107421875 0.017578125
6 0.2333984375 0.3173828125 0.0126953125 0.0185546875
6 0.181640625 0.3212890625 0.013671875 0.0185546875
6 0.16015625 0.373046875 0.01171875 0.017578125
6 0.2119140625 0.37109375 0.0146484375 0.0185546875
6 0.162109375 0.3369140625 0.005859375 0.0107421875
6 0.12890625 0.34765625 0.0068359375 0.013671875
6 0.296875 0.3642578125 0.013671875 0.013671875
6 0.1474609375 0.3369140625 0.005859375 0.009765625
6 0.076171875 0.3486328125 0.0087890625 0.021484375
6 0.154296875 0.375 0.009765625 0.017578125
6 0.4990234375 0.3544921875 0.0068359375 0.0146484375
6 0.4072265625 0.3447265625 0.0087890625 0.01171875
6 0.162109375 0.357421875 0.009765625 0.013671875
4 0.3076171875 0.4013671875 0.0673828125 0.0908203125
4 0.2255859375 0.412109375 0.0869140625 0.099609375
4 0.5556640625 0.39453125 0.04296875 0.08203125
4 0.439453125 0.40234375 0.0537109375 0.080078125
4 0.1689453125 0.40625 0.076171875 0.107421875
4 0.3955078125 0.37890625 0.025390625 0.0498046875
4 0.0771484375 0.3935546875 0.041015625 0.1025390625
4 0.49609375 0.3759765625 0.0380859375 0.0576171875
4 0.857421875 0.37890625 0.021484375 0.044921875
4 0.0380859375 0.396484375 0.0322265625 0.08203125
4 0.1201171875 0.3662109375 0.0263671875 0.052734375
4 0.6591796875 0.3798828125 0.03125 0.0302734375
4 0.1259765625 0.384765625 0.03515625 0.0869140625
4 0.607421875 0.3837890625 0.01953125 0.03515625
4 0.8447265625 0.3701171875 0.0400390625 0.046875
4 0.404296875 0.37109375 0.0419921875 0.0654296875