6 0.34375 0.3271484375 0.01171875 0.015625
6 0.8779296875 0.33203125 0.0166015625 0.0263671875
6 0.3056640625 0.3212890625 0.0126953125 0.017578125
6 0.4677734375 0.33203125 0.0107421875 0.017578125
6 0.2265625 0.32421875 0.0126953125 0.0205078125
6 0.287109375 0.37109375 0.013671875 0.015625
6 0.5888671875 0.33984375 0.009765625 0.0166015625
6 0.2080078125 0.3720703125 0.0126953125 0.017578125
6 0.158203125 0.3359375 0.0048828125 0.0087890625
6 0.076171875 0.3486328125 0.0087890625 0.0224609375
6 0.330078125 0.3642578125 0.0146484375 0.013671875
6 0.40625 0.3466796875 0.0087890625 0.0126953125
6 0.1279296875 0.345703125 0.0048828125 0.009765625
6 0.568359375 0.357421875 0.0107421875 0.0166015625
6 0.298828125 0.33203125 0.0087890625 0.0244140625
6 0.5810546875 0.2998046875 0.009765625 0.013671875
4 0.220703125 0.41015625 0.0791015625 0.091796875
4 0.466796875 0.400390625 0.048828125 0.0791015625
4 0.30078125 0.408203125 0.0791015625 0.0966796875
4 0.5869140625 0.3955078125 0.044921875 0.0751953125
4 0.3955078125 0.37890625 0.0244140625 0.048828125
4 0.345703125 0.4013671875 0.056640625 0.08203125
4 0.83984375 0.37890625 0.0302734375 0.029296875
4 0.8544921875 0.451171875 0.0244140625 0.1005859375
4 0.1591796875 0.3662109375 0.013671875 0.03515625
4 0.5009765625 0.375 0.0283203125 0.056640625
4 0.1962890625 0.3603515625 0.0322265625 0.03125
4 0.5654296875 0.3701171875 0.01953125 0.048828125
4 0.123046875 0.3701171875 0.0341796875 0.046875
4 0.658203125 0.3798828125 0.0322265625 0.0302734375
4 0.076171875 0.40234375 0.0419921875 0.0830078125
4 0.1728515625 0.3583984375 0.0146484375 0.02734375
4 0.037109375 0.3974609375 0.0302734375 0.0810546875