6 0.7470703125 0.3271484375 0.013671875 0.0234375
6 0.837890625 0.3369140625 0.0107421875 0.015625
6 0.578125 0.333984375 0.0107421875 0.0126953125
6 0.6474609375 0.345703125 0.0068359375 0.0107421875
6 0.419921875 0.3349609375 0.0107421875 0.013671875
6 0.8681640625 0.337890625 0.0087890625 0.01171875
6 0.5107421875 0.33984375 0.0068359375 0.0107421875
6 0.794921875 0.34765625 0.0068359375 0.01171875
6 0.431640625 0.3310546875 0.0107421875 0.013671875
6 0.591796875 0.341796875 0.0078125 0.01171875
6 0.310546875 0.328125 0.0107421875 0.01171875
6 0.4072265625 0.3740234375 0.0126953125 0.01171875
6 0.826171875 0.3505859375 0.0068359375 0.0107421875
6 0.84765625 0.34375 0.009765625 0.0205078125
6 0.8603515625 0.3349609375 0.0078125 0.013671875
6 0.2958984375 0.369140625 0.0107421875 0.0126953125
6 0.564453125 0.3564453125 0.01171875 0.0126953125
6 0.7890625 0.3720703125 0.009765625 0.009765625
6 0.5771484375 0.3017578125 0.0087890625 0.01171875
4 0.7431640625 0.4423828125 0.0625 0.1025390625
4 0.416015625 0.4072265625 0.056640625 0.080078125
4 0.3095703125 0.408203125 0.064453125 0.0869140625
4 0.0458984375 0.583984375 0.0908203125 0.2607421875
4 0.505859375 0.404296875 0.0478515625 0.0712890625
4 0.5732421875 0.404296875 0.0478515625 0.076171875
4 0.8427734375 0.4287109375 0.04296875 0.0869140625
4 0.818359375 0.3876953125 0.015625 0.05078125
4 0.791015625 0.3916015625 0.0263671875 0.052734375
4 0.390625 0.3818359375 0.0244140625 0.0498046875
4 0.64453125 0.39453125 0.0302734375 0.0576171875
4 0.5986328125 0.3994140625 0.0283203125 0.05859375
4 0.6611328125 0.3828125 0.01953125 0.0302734375
4 0.482421875 0.3779296875 0.0302734375 0.048828125