6 0.5107421875 0.3359375 0.0107421875 0.021484375
6 0.2607421875 0.322265625 0.01171875 0.0166015625
6 0.1083984375 0.3095703125 0.0146484375 0.017578125
6 0.3916015625 0.32421875 0.0107421875 0.015625
6 0.8564453125 0.3505859375 0.0068359375 0.0107421875
6 0.1669921875 0.333984375 0.005859375 0.0087890625
6 0.8408203125 0.3486328125 0.0048828125 0.0078125
6 0.080078125 0.3701171875 0.0205078125 0.021484375
6 0.076171875 0.34765625 0.0087890625 0.0205078125
6 0.2197265625 0.3447265625 0.0068359375 0.0087890625
6 0.1005859375 0.3212890625 0.0126953125 0.021484375
4 0.505859375 0.3974609375 0.048828125 0.0849609375
4 0.3916015625 0.404296875 0.0576171875 0.0810546875
4 0.09765625 0.4130859375 0.10546875 0.1162109375
4 0.2568359375 0.40234375 0.076171875 0.095703125
4 0.166015625 0.3662109375 0.0146484375 0.0380859375
4 0.197265625 0.3603515625 0.033203125 0.03125
4 0.046875 0.3935546875 0.046875 0.08203125
4 0.607421875 0.3857421875 0.01953125 0.0419921875
4 0.5703125 0.373046875 0.0302734375 0.0546875
4 0.837890625 0.3837890625 0.0185546875 0.044921875
4 0.658203125 0.37890625 0.03125 0.03125
4 0.5859375 0.376953125 0.060546875 0.0595703125
4 0.845703125 0.3828125 0.0361328125 0.046875
4 0.1337890625 0.3583984375 0.0166015625 0.0439453125