6 0.4423828125 0.333984375 0.01171875 0.025390625
6 0.3330078125 0.326171875 0.01171875 0.0205078125
6 0.8203125 0.34765625 0.005859375 0.0087890625
6 0.189453125 0.322265625 0.01171875 0.021484375
6 0.2197265625 0.3466796875 0.0078125 0.009765625
6 0.1708984375 0.3349609375 0.005859375 0.009765625
6 0.0751953125 0.349609375 0.0087890625 0.0234375
6 0.318359375 0.3701171875 0.01171875 0.015625
6 0.8291015625 0.349609375 0.005859375 0.0087890625
6 0.8662109375 0.3505859375 0.005859375 0.0078125
6 0.4990234375 0.3544921875 0.0087890625 0.015625
4 0.3310546875 0.4052734375 0.0673828125 0.0908203125
4 0.185546875 0.40625 0.0849609375 0.1015625
4 0.439453125 0.400390625 0.05859375 0.091796875
4 0.8232421875 0.3837890625 0.0283203125 0.05078125
4 0.017578125 0.4287109375 0.03515625 0.083984375
4 0.39453125 0.3798828125 0.0244140625 0.0498046875
4 0.490234375 0.3759765625 0.048828125 0.0595703125
4 0.869140625 0.376953125 0.029296875 0.0673828125
4 0.5693359375 0.3740234375 0.0302734375 0.056640625
4 0.658203125 0.37890625 0.0322265625 0.0302734375
4 0.6064453125 0.384765625 0.01953125 0.04296875
4 0.8544921875 0.3701171875 0.03125 0.0458984375
4 0.5849609375 0.376953125 0.060546875 0.0615234375
4 0.8447265625 0.3779296875 0.01953125 0.03125
4 0.03515625 0.4072265625 0.0322265625 0.064453125
4 0.0810546875 0.4052734375 0.0322265625 0.080078125
4 0.060546875 0.3994140625 0.0732421875 0.091796875
4 0.755859375 0.3720703125 0.0263671875 0.0361328125