6 0.455078125 0.3330078125 0.0107421875 0.0244140625
6 0.3427734375 0.3251953125 0.0107421875 0.0185546875
6 0.82421875 0.3486328125 0.0048828125 0.0087890625
6 0.169921875 0.3349609375 0.005859375 0.0087890625
6 0.2001953125 0.3212890625 0.0205078125 0.0234375
6 0.2041015625 0.3203125 0.01171875 0.0185546875
6 0.8681640625 0.3515625 0.005859375 0.0068359375
6 0.2197265625 0.357421875 0.0087890625 0.03125
6 0.0751953125 0.349609375 0.009765625 0.0224609375
6 0.01171875 0.3115234375 0.0107421875 0.013671875
6 0.01171875 0.3212890625 0.0126953125 0.029296875
6 0.8349609375 0.3486328125 0.005859375 0.0087890625
6 0.1953125 0.3203125 0.01171875 0.0185546875
6 0.5 0.35546875 0.009765625 0.0166015625
6 0.2197265625 0.345703125 0.0068359375 0.009765625
6 0.4013671875 0.361328125 0.0087890625 0.01171875
4 0.341796875 0.40625 0.0654296875 0.087890625
4 0.451171875 0.400390625 0.0556640625 0.0908203125
4 0.19921875 0.40625 0.0830078125 0.1005859375
4 0.3955078125 0.3798828125 0.0234375 0.0498046875
4 0.0283203125 0.4228515625 0.0556640625 0.1044921875
4 0.4912109375 0.3759765625 0.0458984375 0.0595703125
4 0.84765625 0.3779296875 0.0146484375 0.0322265625
4 0.8271484375 0.384765625 0.029296875 0.048828125
4 0.5703125 0.3740234375 0.0302734375 0.056640625
4 0.8662109375 0.3828125 0.0146484375 0.0576171875
4 0.1708984375 0.3662109375 0.015625 0.033203125
4 0.6064453125 0.384765625 0.01953125 0.04296875
4 0.6591796875 0.3798828125 0.03125 0.03125
4 0.0625 0.400390625 0.0693359375 0.09765625
4 0.5849609375 0.376953125 0.060546875 0.0615234375
4 0.7568359375 0.3740234375 0.025390625 0.033203125
4 0.08203125 0.392578125 0.03125 0.10546875
4 0.1806640625 0.3662109375 0.0341796875 0.03515625
4 0.841796875 0.3720703125 0.0244140625 0.044921875