6 0.3330078125 0.3251953125 0.01171875 0.015625
6 0.458984375 0.3291015625 0.0107421875 0.015625
6 0.1923828125 0.37109375 0.013671875 0.015625
6 0.2822265625 0.3193359375 0.0126953125 0.017578125
6 0.5791015625 0.3408203125 0.0087890625 0.013671875
6 0.2109375 0.32421875 0.0126953125 0.0166015625
6 0.1591796875 0.3349609375 0.0048828125 0.0087890625
6 0.884765625 0.3310546875 0.01171875 0.0263671875
6 0.5673828125 0.353515625 0.009765625 0.015625
6 0.2607421875 0.3671875 0.0185546875 0.0234375
6 0.3193359375 0.3642578125 0.0146484375 0.0146484375
6 0.076171875 0.3486328125 0.009765625 0.0224609375
6 0.8642578125 0.349609375 0.0048828125 0.0078125
6 0.5810546875 0.2978515625 0.0087890625 0.013671875
6 0.1279296875 0.34375 0.005859375 0.0087890625
6 0.40625 0.3447265625 0.0078125 0.0107421875
6 0.2109375 0.3125 0.013671875 0.0166015625
4 0.2041015625 0.4091796875 0.080078125 0.0947265625
4 0.4580078125 0.400390625 0.048828125 0.080078125
4 0.576171875 0.392578125 0.04296875 0.08203125
4 0.27734375 0.41015625 0.0830078125 0.0966796875
4 0.3955078125 0.3779296875 0.025390625 0.048828125
4 0.3330078125 0.3994140625 0.05859375 0.083984375
4 0.16015625 0.3662109375 0.013671875 0.0341796875
4 0.4951171875 0.375 0.0380859375 0.056640625
4 0.8388671875 0.3779296875 0.029296875 0.0302734375
4 0.123046875 0.3671875 0.0322265625 0.0478515625
4 0.60546875 0.384765625 0.0205078125 0.041015625
4 0.060546875 0.3974609375 0.0732421875 0.09375
4 0.2607421875 0.361328125 0.0439453125 0.056640625
4 0.078125 0.40234375 0.0390625 0.083984375
4 0.1904296875 0.357421875 0.01953125 0.0263671875
4 0.6591796875 0.37890625 0.0302734375 0.0302734375
4 0.0380859375 0.3955078125 0.03125 0.08203125
4 0.845703125 0.37109375 0.04296875 0.046875