6 0.748046875 0.3251953125 0.01953125 0.03515625
6 0.5322265625 0.3330078125 0.009765625 0.0146484375
6 0.6875 0.34375 0.0087890625 0.017578125
6 0.4609375 0.333984375 0.009765625 0.0146484375
6 0.205078125 0.3154296875 0.0146484375 0.0166015625
6 0.3779296875 0.330078125 0.0107421875 0.0146484375
6 0.36328125 0.3720703125 0.01171875 0.0126953125
6 0.576171875 0.3359375 0.0087890625 0.01171875
6 0.142578125 0.3193359375 0.013671875 0.0126953125
6 0.1689453125 0.3505859375 0.0068359375 0.01171875
6 0.1435546875 0.3310546875 0.0107421875 0.015625
6 0.0068359375 0.3076171875 0.013671875 0.025390625
4 0.7451171875 0.4521484375 0.0849609375 0.1689453125
4 0.3740234375 0.4013671875 0.060546875 0.0859375
4 0.197265625 0.4140625 0.095703125 0.1162109375
4 0.4560546875 0.3994140625 0.05078125 0.0751953125
4 0.1318359375 0.4111328125 0.0927734375 0.1162109375
4 0.5263671875 0.4013671875 0.0478515625 0.076171875
4 0.6845703125 0.3896484375 0.033203125 0.0703125
4 0.8388671875 0.380859375 0.0302734375 0.03125
4 0.013671875 0.435546875 0.02734375 0.08203125
4 0.572265625 0.3955078125 0.037109375 0.072265625
4 0.0341796875 0.40625 0.0322265625 0.0634765625
4 0.607421875 0.3857421875 0.01953125 0.0390625
4 0.4951171875 0.3759765625 0.037109375 0.0595703125
4 0.5927734375 0.3896484375 0.0146484375 0.0419921875
4 0.046875 0.3974609375 0.0537109375 0.0830078125
4 0.8447265625 0.359375 0.0419921875 0.0732421875