6 0.6044921875 0.3154296875 0.0244140625 0.044921875
6 0.353515625 0.32421875 0.013671875 0.0166015625
6 0.078125 0.3154296875 0.0185546875 0.017578125
6 0.5302734375 0.3388671875 0.009765625 0.0126953125
6 0.462890625 0.3349609375 0.009765625 0.0126953125
6 0.6435546875 0.3408203125 0.01171875 0.01953125
6 0.2919921875 0.330078125 0.01171875 0.0146484375
6 0.1884765625 0.3193359375 0.0146484375 0.0234375
6 0.7431640625 0.34765625 0.0078125 0.01171875
6 0.5830078125 0.3212890625 0.0185546875 0.0302734375
6 0.146484375 0.3701171875 0.015625 0.01953125
6 0.166015625 0.3212890625 0.0146484375 0.0185546875
6 0.2734375 0.3720703125 0.0126953125 0.0146484375
6 0.4501953125 0.3740234375 0.01171875 0.01171875
6 0.7431640625 0.3623046875 0.01171875 0.015625
6 0.1640625 0.3466796875 0.0087890625 0.013671875
6 0.1435546875 0.3388671875 0.0087890625 0.0107421875
6 0.21875 0.34375 0.0078125 0.0087890625
6 0.3896484375 0.3642578125 0.009765625 0.01171875
6 0.1435546875 0.3486328125 0.013671875 0.0283203125
6 0.580078125 0.3017578125 0.009765625 0.0146484375
6 0.640625 0.357421875 0.01171875 0.0146484375
6 0.095703125 0.310546875 0.0107421875 0.01953125
4 0.1611328125 0.4140625 0.091796875 0.1044921875
4 0.4580078125 0.404296875 0.0478515625 0.0732421875
4 0.2890625 0.41015625 0.0849609375 0.095703125
4 0.34765625 0.4130859375 0.07421875 0.09375
4 0.6005859375 0.4794921875 0.11328125 0.193359375
4 0.5263671875 0.400390625 0.04296875 0.064453125
4 0.8388671875 0.3818359375 0.0302734375 0.03125
4 0.740234375 0.3896484375 0.029296875 0.0625
4 0.3896484375 0.380859375 0.0322265625 0.0478515625
4 0.060546875 0.427734375 0.1201171875 0.1416015625
4 0.4931640625 0.376953125 0.0361328125 0.0595703125
4 0.640625 0.3935546875 0.0361328125 0.072265625
4 0.5654296875 0.3740234375 0.025390625 0.0537109375
4 0.091796875 0.412109375 0.0537109375 0.10546875
4 0.6689453125 0.3837890625 0.0107421875 0.02734375
4 0.123046875 0.369140625 0.03515625 0.052734375