6 0.3564453125 0.3330078125 0.0126953125 0.015625
6 0.37109375 0.328125 0.01171875 0.0146484375
6 0.6162109375 0.34375 0.0078125 0.01171875
6 0.873046875 0.337890625 0.0068359375 0.009765625
6 0.2529296875 0.3251953125 0.009765625 0.0126953125
6 0.521484375 0.3310546875 0.0107421875 0.0126953125
6 0.2138671875 0.2919921875 0.0380859375 0.0712890625
6 0.55859375 0.341796875 0.0087890625 0.0126953125
6 0.8134765625 0.3310546875 0.01171875 0.0166015625
6 0.7177734375 0.345703125 0.0087890625 0.0126953125
6 0.7578125 0.3447265625 0.0068359375 0.0126953125
6 0.4541015625 0.3388671875 0.0087890625 0.0166015625
6 0.3427734375 0.373046875 0.0107421875 0.0126953125
6 0.0732421875 0.3125 0.01171875 0.0087890625
6 0.0185546875 0.314453125 0.0166015625 0.01953125
6 0.794921875 0.3662109375 0.0068359375 0.009765625
6 0.7958984375 0.384765625 0.009765625 0.015625
6 0.2587890625 0.392578125 0.017578125 0.0185546875
6 0.751953125 0.37109375 0.0087890625 0.0087890625
6 0.8525390625 0.365234375 0.0087890625 0.0107421875
6 0.5048828125 0.3740234375 0.0087890625 0.01171875
6 0.8603515625 0.333984375 0.005859375 0.0107421875
6 0.845703125 0.337890625 0.0068359375 0.01171875
6 0.4951171875 0.35546875 0.005859375 0.009765625
6 0.4404296875 0.3740234375 0.0087890625 0.01171875
6 0.4541015625 0.333984375 0.0078125 0.0087890625
4 0.208984375 0.5361328125 0.2509765625 0.3046875
4 0.3515625 0.4091796875 0.064453125 0.0869140625
4 0.8134765625 0.42578125 0.0576171875 0.111328125
4 0.44921875 0.40625 0.052734375 0.0771484375
4 0.6123046875 0.396484375 0.0341796875 0.0595703125
4 0.515625 0.408203125 0.0537109375 0.080078125
4 0.75390625 0.392578125 0.0283203125 0.0576171875
4 0.716796875 0.392578125 0.029296875 0.0537109375
4 0.5556640625 0.4013671875 0.037109375 0.064453125
4 0.8486328125 0.37890625 0.0146484375 0.0361328125
4 0.662109375 0.3828125 0.0185546875 0.0302734375
4 0.392578125 0.380859375 0.0234375 0.048828125
4 0.8603515625 0.39453125 0.013671875 0.0537109375
4 0.244140625 0.3681640625 0.0205078125 0.0537109375
4 0.2685546875 0.40234375 0.037109375 0.044921875
4 0.478515625 0.3837890625 0.01953125 0.046875
4 0.4853515625 0.3779296875 0.03125 0.056640625
4 0.26171875 0.3681640625 0.0576171875 0.0615234375
4 0.8662109375 0.3837890625 0.0263671875 0.072265625