6 0.4990234375 0.3095703125 0.0263671875 0.0498046875
6 0.4189453125 0.3271484375 0.013671875 0.0146484375
6 0.3564453125 0.3330078125 0.01171875 0.0166015625
6 0.2421875 0.3291015625 0.0126953125 0.021484375
6 0.767578125 0.34765625 0.0068359375 0.0107421875
6 0.2607421875 0.3212890625 0.013671875 0.015625
6 0.1494140625 0.3203125 0.0107421875 0.013671875
6 0.69140625 0.341796875 0.0068359375 0.0126953125
6 0.5625 0.3408203125 0.0087890625 0.01171875
6 0.6708984375 0.3408203125 0.0068359375 0.01171875
6 0.2177734375 0.345703125 0.0068359375 0.0087890625
6 0.2255859375 0.3720703125 0.013671875 0.0185546875
6 0.8837890625 0.3369140625 0.0068359375 0.009765625
6 0.337890625 0.3740234375 0.0087890625 0.013671875
6 0.2314453125 0.35546875 0.0068359375 0.0126953125
6 0.7685546875 0.361328125 0.0087890625 0.01171875
6 0.138671875 0.3408203125 0.0068359375 0.009765625
6 0.2412109375 0.34765625 0.0087890625 0.01171875
6 0.16796875 0.3505859375 0.0068359375 0.009765625
6 0.390625 0.3681640625 0.0126953125 0.021484375
6 0.7724609375 0.36328125 0.0087890625 0.0126953125
4 0.23828125 0.4150390625 0.0791015625 0.091796875
4 0.763671875 0.3896484375 0.02734375 0.0576171875
4 0.3486328125 0.408203125 0.0654296875 0.0859375
4 0.49609375 0.498046875 0.1435546875 0.2177734375
4 0.4130859375 0.41015625 0.068359375 0.0927734375
4 0.6865234375 0.3955078125 0.0341796875 0.0615234375
4 0.5595703125 0.3984375 0.0380859375 0.060546875
4 0.837890625 0.3818359375 0.0302734375 0.033203125
4 0.150390625 0.4072265625 0.07421875 0.107421875
4 0.6650390625 0.392578125 0.0263671875 0.0625
4 0.1962890625 0.3623046875 0.033203125 0.03125
4 0.6064453125 0.3876953125 0.01953125 0.0400390625
4 0.1103515625 0.345703125 0.017578125 0.0263671875
4 0.2529296875 0.3857421875 0.0546875 0.07421875