6 0.2666015625 0.322265625 0.01171875 0.017578125
6 0.5166015625 0.3369140625 0.0107421875 0.021484375
6 0.3974609375 0.3271484375 0.0107421875 0.0166015625
6 0.1240234375 0.3125 0.0146484375 0.0185546875
6 0.1123046875 0.318359375 0.013671875 0.0205078125
6 0.8603515625 0.3505859375 0.005859375 0.0087890625
6 0.8427734375 0.3486328125 0.0048828125 0.0078125
6 0.0869140625 0.3701171875 0.013671875 0.01953125
6 0.0986328125 0.3701171875 0.013671875 0.01953125
6 0.166015625 0.333984375 0.0048828125 0.0087890625
6 0.2197265625 0.3447265625 0.0068359375 0.009765625
6 0.076171875 0.3486328125 0.0087890625 0.0224609375
6 0.11328125 0.3134765625 0.0126953125 0.013671875
4 0.26171875 0.3935546875 0.07421875 0.1123046875
4 0.51171875 0.3935546875 0.048828125 0.091796875
4 0.1103515625 0.4140625 0.111328125 0.11328125
4 0.166015625 0.3662109375 0.0146484375 0.037109375
4 0.197265625 0.3603515625 0.033203125 0.03125
4 0.396484375 0.404296875 0.056640625 0.080078125
4 0.052734375 0.390625 0.0576171875 0.095703125
4 0.607421875 0.384765625 0.01953125 0.041015625
4 0.5703125 0.3740234375 0.0302734375 0.056640625
4 0.037109375 0.396484375 0.03125 0.0810546875
4 0.6591796875 0.37890625 0.03125 0.0302734375
4 0.857421875 0.3818359375 0.0205078125 0.046875
4 0.845703125 0.3828125 0.0419921875 0.0478515625
4 0.4853515625 0.380859375 0.0185546875 0.0400390625
4 0.5859375 0.376953125 0.060546875 0.0595703125
4 0.494140625 0.375 0.03515625 0.0546875
4 0.263671875 0.3515625 0.0458984375 0.03515625