6 0.3759765625 0.296875 0.021484375 0.03125
6 0.4658203125 0.3330078125 0.009765625 0.0146484375
6 0.6337890625 0.32421875 0.015625 0.02734375
6 0.57421875 0.3388671875 0.0087890625 0.0126953125
6 0.7080078125 0.3388671875 0.0087890625 0.01171875
6 0.853515625 0.3330078125 0.0078125 0.0107421875
6 0.5830078125 0.3369140625 0.0068359375 0.01171875
6 0.14453125 0.3212890625 0.01171875 0.0185546875
6 0.646484375 0.3330078125 0.0126953125 0.033203125
6 0.81640625 0.3447265625 0.005859375 0.009765625
6 0.134765625 0.318359375 0.0107421875 0.013671875
6 0.6787109375 0.3505859375 0.0078125 0.01171875
6 0.7275390625 0.3447265625 0.005859375 0.0087890625
6 0.1396484375 0.3212890625 0.01953125 0.0205078125
6 0.5615234375 0.3544921875 0.009765625 0.0126953125
6 0.1162109375 0.3291015625 0.009765625 0.01171875
6 0.115234375 0.3359375 0.0107421875 0.0126953125
6 0.4931640625 0.3515625 0.0078125 0.013671875
4 0.369140625 0.4716796875 0.140625 0.1787109375
4 0.1259765625 0.4072265625 0.0869140625 0.109375
4 0.5703125 0.3994140625 0.041015625 0.064453125
4 0.640625 0.4423828125 0.0712890625 0.125
4 0.462890625 0.400390625 0.05078125 0.0751953125
4 0.81640625 0.3857421875 0.025390625 0.046875
4 0.849609375 0.3935546875 0.0244140625 0.0615234375
4 0.4931640625 0.375 0.0283203125 0.060546875
4 0.6767578125 0.3896484375 0.02734375 0.056640625
4 0.189453125 0.359375 0.0302734375 0.0302734375
4 0.7275390625 0.375 0.025390625 0.0693359375
4 0.0302734375 0.3935546875 0.0322265625 0.083984375
4 0.705078125 0.39453125 0.0322265625 0.06640625
4 0.6005859375 0.38671875 0.0224609375 0.0400390625
4 0.2255859375 0.3564453125 0.0166015625 0.033203125
4 0.052734375 0.3955078125 0.0751953125 0.099609375
4 0.0693359375 0.400390625 0.0419921875 0.0888671875