6 0.376953125 0.3037109375 0.0302734375 0.0615234375
6 0.47265625 0.3291015625 0.01171875 0.013671875
6 0.8564453125 0.3349609375 0.01171875 0.017578125
6 0.5888671875 0.3427734375 0.0078125 0.01171875
6 0.318359375 0.3251953125 0.013671875 0.017578125
6 0.7255859375 0.3447265625 0.0068359375 0.0126953125
6 0.6962890625 0.34375 0.0068359375 0.0126953125
6 0.529296875 0.33984375 0.0078125 0.0107421875
6 0.787109375 0.3486328125 0.0068359375 0.009765625
6 0.185546875 0.369140625 0.0126953125 0.0166015625
6 0.2041015625 0.3203125 0.01171875 0.0146484375
6 0.3017578125 0.3310546875 0.013671875 0.017578125
6 0.8779296875 0.3369140625 0.0068359375 0.0087890625
6 0.40625 0.333984375 0.0087890625 0.0107421875
6 0.2861328125 0.3740234375 0.013671875 0.015625
6 0.2021484375 0.3310546875 0.009765625 0.013671875
6 0.7861328125 0.36328125 0.009765625 0.0126953125
6 0.4052734375 0.345703125 0.0087890625 0.0126953125
6 0.72265625 0.361328125 0.0087890625 0.0126953125
6 0.873046875 0.357421875 0.0078125 0.015625
6 0.30078125 0.3544921875 0.0107421875 0.017578125
6 0.841796875 0.4013671875 0.0087890625 0.0126953125
6 0.7822265625 0.365234375 0.0078125 0.009765625
6 0.5673828125 0.35546875 0.0087890625 0.01171875
6 0.4140625 0.390625 0.0107421875 0.0146484375
6 0.1923828125 0.3544921875 0.009765625 0.0107421875
6 0.2138671875 0.330078125 0.009765625 0.013671875
4 0.3740234375 0.515625 0.1845703125 0.2548828125
4 0.783203125 0.3896484375 0.0244140625 0.0556640625
4 0.2978515625 0.4111328125 0.0712890625 0.0908203125
4 0.8427734375 0.4228515625 0.0419921875 0.1015625
4 0.525390625 0.4013671875 0.0419921875 0.064453125
4 0.58984375 0.396484375 0.0439453125 0.0634765625
4 0.466796875 0.41015625 0.060546875 0.083984375
4 0.693359375 0.3916015625 0.03125 0.0625
4 0.72265625 0.3935546875 0.0322265625 0.0595703125
4 0.203125 0.4072265625 0.0693359375 0.1025390625
4 0.658203125 0.3837890625 0.0302734375 0.029296875
4 0.421875 0.40625 0.0283203125 0.0517578125
4 0.5625 0.375 0.0224609375 0.0517578125
4 0.431640625 0.4111328125 0.0458984375 0.07421875
4 0.7548828125 0.376953125 0.025390625 0.0341796875