6 0.810546875 0.3291015625 0.0185546875 0.033203125
6 0.4443359375 0.328125 0.0107421875 0.015625
6 0.412109375 0.33203125 0.009765625 0.015625
6 0.0966796875 0.3095703125 0.0185546875 0.0185546875
6 0.53125 0.333984375 0.009765625 0.015625
6 0.6484375 0.3408203125 0.0087890625 0.017578125
6 0.0302734375 0.3134765625 0.017578125 0.0146484375
6 0.31640625 0.328125 0.01171875 0.017578125
6 0.15234375 0.337890625 0.005859375 0.0087890625
6 0.2197265625 0.34375 0.0078125 0.0087890625
6 0.498046875 0.353515625 0.005859375 0.01171875
6 0.0302734375 0.3212890625 0.017578125 0.0283203125
6 0.30078125 0.37109375 0.01171875 0.0126953125
4 0.3115234375 0.40625 0.06640625 0.0849609375
4 0.8056640625 0.447265625 0.0693359375 0.1416015625
4 0.087890625 0.412109375 0.1142578125 0.1328125
4 0.5283203125 0.3984375 0.041015625 0.072265625
4 0.439453125 0.40625 0.0595703125 0.080078125
4 0.40234375 0.3974609375 0.044921875 0.083984375
4 0.64453125 0.392578125 0.0361328125 0.0693359375
4 0.841796875 0.3798828125 0.0263671875 0.0302734375
4 0.4951171875 0.3759765625 0.029296875 0.0595703125
4 0.1533203125 0.3662109375 0.0107421875 0.03125
4 0.033203125 0.4072265625 0.06640625 0.11328125
4 0.6064453125 0.3857421875 0.0185546875 0.041015625
4 0.6650390625 0.3798828125 0.0185546875 0.0322265625
4 0.1962890625 0.361328125 0.0302734375 0.03125
4 0.8505859375 0.353515625 0.03125 0.0654296875
4 0.5712890625 0.37109375 0.0302734375 0.0517578125
4 0.1396484375 0.3662109375 0.0361328125 0.03515625
4 0.0126953125 0.4033203125 0.025390625 0.103515625