6 0.33984375 0.32421875 0.01171875 0.0185546875
6 0.359375 0.3271484375 0.01171875 0.015625
6 0.248046875 0.326171875 0.013671875 0.0244140625
6 0.6025390625 0.3388671875 0.0087890625 0.0166015625
6 0.86328125 0.3310546875 0.0166015625 0.03125
6 0.23046875 0.37109375 0.013671875 0.0166015625
6 0.482421875 0.3310546875 0.009765625 0.0166015625
6 0.3232421875 0.369140625 0.013671875 0.0166015625
6 0.1572265625 0.3349609375 0.0048828125 0.0078125
6 0.220703125 0.34375 0.0068359375 0.0087890625
6 0.1279296875 0.345703125 0.005859375 0.009765625
6 0.076171875 0.3486328125 0.0087890625 0.0224609375
6 0.1279296875 0.3544921875 0.0068359375 0.0107421875
6 0.40625 0.3447265625 0.0078125 0.01171875
6 0.076171875 0.341796875 0.005859375 0.0107421875
4 0.2421875 0.408203125 0.0751953125 0.08984375
4 0.4814453125 0.400390625 0.0458984375 0.0751953125
4 0.333984375 0.4072265625 0.072265625 0.09375
4 0.5986328125 0.39453125 0.041015625 0.0732421875
4 0.845703125 0.4375 0.04296875 0.134765625
4 0.3955078125 0.3779296875 0.0244140625 0.0478515625
4 0.1962890625 0.3603515625 0.0341796875 0.03125
4 0.158203125 0.3662109375 0.013671875 0.033203125
4 0.03515625 0.40625 0.0322265625 0.0625
4 0.0146484375 0.4345703125 0.0283203125 0.095703125
4 0.3681640625 0.404296875 0.037109375 0.0732421875
4 0.123046875 0.3701171875 0.033203125 0.044921875
4 0.658203125 0.3798828125 0.0322265625 0.029296875
4 0.080078125 0.4033203125 0.0341796875 0.080078125
4 0.5712890625 0.369140625 0.029296875 0.048828125
4 0.0595703125 0.3984375 0.0751953125 0.08984375
4 0.5029296875 0.375 0.0224609375 0.05859375
4 0.25 0.3876953125 0.0615234375 0.0546875