6 0.248046875 0.322265625 0.0126953125 0.0185546875
6 0.4990234375 0.3349609375 0.0107421875 0.021484375
6 0.3818359375 0.3251953125 0.0107421875 0.0185546875
6 0.0791015625 0.310546875 0.017578125 0.021484375
6 0.8525390625 0.3505859375 0.0068359375 0.0107421875
6 0.837890625 0.3486328125 0.0048828125 0.0087890625
6 0.1669921875 0.333984375 0.0048828125 0.0087890625
6 0.0498046875 0.3701171875 0.015625 0.0205078125
6 0.4072265625 0.345703125 0.009765625 0.0126953125
6 0.2197265625 0.345703125 0.0068359375 0.0087890625
4 0.068359375 0.416015625 0.111328125 0.1162109375
4 0.380859375 0.40234375 0.0595703125 0.087890625
4 0.494140625 0.3984375 0.05078125 0.0859375
4 0.244140625 0.404296875 0.0771484375 0.0947265625
4 0.1669921875 0.3662109375 0.015625 0.0390625
4 0.197265625 0.3603515625 0.033203125 0.03125
4 0.6064453125 0.384765625 0.01953125 0.04296875
4 0.5703125 0.373046875 0.0302734375 0.0556640625
4 0.658203125 0.37890625 0.0322265625 0.03125
4 0.8330078125 0.3828125 0.017578125 0.0439453125
4 0.5859375 0.3779296875 0.060546875 0.0595703125
4 0.123046875 0.3896484375 0.037109375 0.078125
4 0.8408203125 0.3837890625 0.0341796875 0.048828125