6 0.2099609375 0.3232421875 0.0146484375 0.0185546875
6 0.357421875 0.302734375 0.033203125 0.0595703125
6 0.8505859375 0.333984375 0.0126953125 0.0185546875
6 0.4794921875 0.330078125 0.01171875 0.0146484375
6 0.310546875 0.330078125 0.0126953125 0.0166015625
6 0.69921875 0.3427734375 0.005859375 0.01171875
6 0.7890625 0.349609375 0.0068359375 0.01171875
6 0.5927734375 0.3427734375 0.0087890625 0.0126953125
6 0.326171875 0.326171875 0.0126953125 0.0146484375
6 0.4130859375 0.3330078125 0.0087890625 0.0107421875
6 0.73046875 0.3447265625 0.0068359375 0.0126953125
6 0.1923828125 0.37109375 0.01171875 0.0166015625
6 0.876953125 0.3369140625 0.0068359375 0.0087890625
6 0.326171875 0.3349609375 0.013671875 0.0341796875
6 0.3974609375 0.375 0.01171875 0.013671875
6 0.4130859375 0.3388671875 0.009765625 0.0205078125
6 0.8720703125 0.3564453125 0.009765625 0.0166015625
6 0.302734375 0.4228515625 0.0224609375 0.0361328125
6 0.4111328125 0.392578125 0.0146484375 0.0234375
6 0.294921875 0.373046875 0.013671875 0.015625
6 0.533203125 0.33984375 0.0078125 0.01171875
6 0.1884765625 0.35546875 0.0087890625 0.009765625
6 0.7275390625 0.3603515625 0.0087890625 0.0126953125
6 0.56640625 0.35546875 0.0068359375 0.0107421875
4 0.7861328125 0.3896484375 0.0234375 0.0556640625
4 0.353515625 0.529296875 0.1923828125 0.2373046875
4 0.84375 0.4248046875 0.0439453125 0.1005859375
4 0.474609375 0.41015625 0.0595703125 0.0830078125
4 0.5927734375 0.396484375 0.0419921875 0.0625
4 0.529296875 0.3994140625 0.0419921875 0.0703125
4 0.7265625 0.3935546875 0.0302734375 0.0595703125
4 0.2119140625 0.4033203125 0.0673828125 0.1083984375
4 0.2978515625 0.4111328125 0.052734375 0.0947265625
4 0.6962890625 0.392578125 0.0302734375 0.060546875
4 0.4091796875 0.4013671875 0.0556640625 0.087890625
4 0.658203125 0.3828125 0.0302734375 0.0302734375