6 0.0751953125 0.31640625 0.0166015625 0.0205078125
6 0.30859375 0.31640625 0.0302734375 0.0478515625
6 0.236328125 0.3212890625 0.01171875 0.0244140625
6 0.7880859375 0.349609375 0.0087890625 0.0126953125
6 0.326171875 0.330078125 0.009765625 0.0263671875
6 0.048828125 0.365234375 0.0185546875 0.01953125
6 0.1796875 0.3369140625 0.0048828125 0.0087890625
6 0.296875 0.2939453125 0.01171875 0.0205078125
6 0.22265625 0.34765625 0.0068359375 0.01171875
6 0.216796875 0.3681640625 0.0146484375 0.017578125
6 0.134765625 0.3662109375 0.01171875 0.0146484375
4 0.068359375 0.4111328125 0.1025390625 0.115234375
4 0.3046875 0.5263671875 0.1923828125 0.279296875
4 0.2314453125 0.4091796875 0.080078125 0.1005859375
4 0.7841796875 0.3876953125 0.0244140625 0.052734375
4 0.4921875 0.3759765625 0.0478515625 0.0615234375
4 0.1796875 0.3720703125 0.0166015625 0.0400390625
4 0.3935546875 0.3798828125 0.025390625 0.048828125
4 0.5693359375 0.373046875 0.029296875 0.0537109375
4 0.6591796875 0.3798828125 0.029296875 0.0302734375
4 0.3427734375 0.4208984375 0.0517578125 0.0732421875
4 0.1240234375 0.392578125 0.0341796875 0.0771484375
4 0.2001953125 0.361328125 0.0263671875 0.0322265625
4 0.6064453125 0.3857421875 0.01953125 0.041015625
4 0.5849609375 0.3779296875 0.060546875 0.05859375
4 0.1669921875 0.359375 0.0087890625 0.0263671875
4 0.15625 0.359375 0.0107421875 0.0244140625