6 0.2666015625 0.3232421875 0.01171875 0.0244140625
6 0.1357421875 0.3076171875 0.04296875 0.0576171875
6 0.365234375 0.3310546875 0.01171875 0.0263671875
6 0.7998046875 0.349609375 0.0068359375 0.009765625
6 0.111328125 0.3193359375 0.0126953125 0.01953125
6 0.17578125 0.3369140625 0.0048828125 0.0087890625
6 0.0888671875 0.365234375 0.0166015625 0.01953125
6 0.220703125 0.34765625 0.0068359375 0.009765625
6 0.111328125 0.2998046875 0.009765625 0.01953125
6 0.5 0.3525390625 0.0087890625 0.0146484375
4 0.130859375 0.5595703125 0.2607421875 0.3173828125
4 0.359375 0.404296875 0.064453125 0.1005859375
4 0.2646484375 0.4072265625 0.0751953125 0.099609375
4 0.7978515625 0.388671875 0.0234375 0.05078125
4 0.4912109375 0.376953125 0.0458984375 0.0615234375
4 0.3935546875 0.3798828125 0.0244140625 0.048828125
4 0.0830078125 0.41015625 0.048828125 0.1123046875
4 0.1767578125 0.3701171875 0.017578125 0.041015625
4 0.6064453125 0.38671875 0.01953125 0.041015625
4 0.0361328125 0.3984375 0.0302734375 0.08203125
4 0.197265625 0.3623046875 0.02734375 0.03125
4 0.6591796875 0.380859375 0.029296875 0.03125
4 0.5693359375 0.3740234375 0.029296875 0.0546875
4 0.0498046875 0.3955078125 0.0537109375 0.087890625
4 0.1591796875 0.3681640625 0.0224609375 0.0458984375
4 0.5849609375 0.3779296875 0.060546875 0.060546875
4 0.1171875 0.4072265625 0.1162109375 0.1171875
4 0.060546875 0.3876953125 0.0283203125 0.064453125
4 0.251953125 0.3583984375 0.0283203125 0.0439453125